0,9.0596,8.5902,8.8118,9.4403,9.8346,8.3951,13.372,10.448,9.7911,13.724,10.503,10.136,10.36,10.115,9.0007,11.297,10.172,9.7354,14.057,9.7464,9.6073,14.415,9.4325,11.429,8.2341,15.921,14.337,9.9221,9.6224,9.8434,9.0073,9.0845,8.5349,14.498,9.989,10.535,10.869,11.191,10.318,10.557,11.167,11.724,10.49,11.571,9.9758,12.831,16.229,10.777,11.152,12.156,10.165,10.085,10.826,12.106,9.6752,12.373,9.9739,10.579,13.5,10.626,11.964,11.258,9.5319,11.349,13.102
9.0596,0,9.7285,11.659,10.049,9.4434,8.4893,15.227,9.3222,7.8256,11.561,7.9468,7.825,9.1147,9.7034,8.0759,13.087,8.9314,10.08,13.944,9.5629,9.4137,12.821,10.197,12.718,7.1109,13.347,11.956,9.4336,9.4051,10.607,8.7786,10.52,9.0217,12.81,9.2577,9.83,11.478,10.946,9.8957,11.4,9.1593,11.303,9.8933,9.7548,11.018,13.64,15.777,10.306,11.796,11.436,10.649,10.131,10.746,11.91,10.21,11.647,11.21,10.603,14.015,9.4706,11.416,11.95,10.143,11.904,14.947
8.5902,9.7285,0,11.283,9.7518,9.5227,9.3284,15.038,12.087,9.878,13.473,9.7878,9.67,9.9262,9.203,7.7482,11.433,9.1431,10.587,16.27,8.0162,9.0689,13.552,10.191,13.694,7.8189,15.032,13.6,9.5396,10.369,9.9511,8.5567,9.7783,7.6029,15.601,8.8785,9.2755,11.325,10.817,8.6506,12.619,11.792,11.39,8.7255,9.4754,11.056,14.533,14.24,9.1364,11.08,11.59,8.7884,10.212,10.434,11.651,9.629,10.244,10.018,11.063,13.236,9.3696,11.985,10.5,9.3726,10.07,14.154
8.8118,11.659,11.283,0,10.425,9.6486,10.249,16.257,13.285,10.721,15.545,11.505,11.37,8.6455,8.5401,8.0645,12.385,7.0277,11.197,16.791,9.0765,7.6759,16.439,8.599,13.269,8.5197,18.03,15.149,11.598,11.535,8.9969,9.1867,10.755,10.861,15.055,8.664,8.7111,7.7906,11.931,10.716,8.5547,12.13,13.336,10.39,9.6849,13.411,7.5745,14.641,9.7703,8.5569,8.6524,9.3049,12.013,12.193,12.488,9.2205,7.7672,9.3004,9.9931,14.73,9.3196,7.818,11.835,9.2387,13.16,14.227
9.4403,10.049,9.7518,10.425,0,10.774,9.5566,14.525,12.472,10.078,15.637,11.023,10.563,8.9682,9.2477,8.9631,9.5341,12.011,12.471,15.222,12.173,10.664,15.404,9.9947,13.076,10.492,17.639,14.458,9.951,9.204,8.8935,8.3658,11.4,10.79,15.54,10.77,11.928,12.76,10.239,10.459,12.643,12.356,12.432,11.013,12.582,12.453,14.655,17.875,10.177,11.644,12.214,12.028,11.671,12.477,12.186,10.679,10.184,10.348,12.598,14.587,10.449,13.516,12.285,9.4001,12.74,14.112
9.8346,9.4434,9.5227,9.6486,10.774,0,7.3899,14.553,10.123,9.1089,12.392,8.3871,8.3619,6.53,6.4957,5.9244,10.743,7.7585,9.9713,14.51,9.732,7.8385,13.138,7.2977,11.328,6.8027,16.248,14.319,8.8457,10.263,8.0637,7.5529,9.4504,8.7337,12.731,7.7216,7.6413,8.8444,10.542,10.109,10.505,9.9204,11.494,8.2929,7.5671,10.226,12.008,14.1,8.3318,8.4128,7.1881,9.7195,10.316,10.764,10.813,8.6105,8.134,8.5214,8.857,12.785,6.8805,9.0201,10.596,6.8451,12.677,13.22
8.3951,8.4893,9.3284,10.249,9.5566,7.3899,0,12.777,9.135,7.5855,10.761,6.1966,6.2414,7.1153,7.5496,7.5738,9.6845,8.6658,8.752,13.193,8.1657,8.1482,11.082,6.8091,9.3442,7.1291,14.249,11.691,7.1363,5.6791,9.0333,7.5596,7.7122,8.3274,11.004,8.351,7.8982,10.335,8.054,9.1453,10.642,8.603,10.666,8.5625,9.6416,8.5449,12.144,15.642,9.2297,9.2123,8.9038,9.4897,9.3865,9.5816,10.675,8.9103,9.7816,9.6252,9.0578,12.989,8.2114,10.21,10.955,8.2914,11.678,12.932
13.372,15.227,15.038,16.257,14.525,14.553,12.777,0,11.302,10.793,13.681,15.127,15.158,14.82,15.937,13.888,11.717,15.645,13.663,11.738,16.569,15.141,12.105,16.45,14.634,15.199,13.015,14.766,10.62,11.309,14.864,13.715,12.959,13.482,14.223,14.055,13.765,16.641,15.652,13.059,16.42,13.765,12.541,14.876,14.738,10.762,18.253,20.821,15.907,16.407,16.24,13.529,11.994,11.061,12.029,15.824,16.451,15.199,15.643,11.005,14.501,16.112,12.169,15.602,13.792,13.567
10.448,9.3222,12.087,13.285,12.472,10.123,9.135,11.302,0,7.8711,8.8172,9.6996,9.6873,11.479,12.132,10.858,12.201,12.775,10.014,10.097,12.548,13.152,10.08,12.519,11.663,10.742,11.481,11.659,7.5733,9.0228,11.76,10.563,10.447,8.7674,11.864,10.534,11.739,13.13,10.866,10.915,13.75,8.0437,9.9556,11.182,11.861,8.2177,15.405,16.675,12.425,13.169,13.163,10.216,9.1162,9.2498,10.149,11.543,14.567,11.811,12.956,11.817,11.261,13.797,10.335,11.518,12.086,12.037
9.7911,7.8256,9.878,10.721,10.078,9.1089,7.5855,10.793,7.8711,0,11.966,9.135,8.9777,10.715,12.914,9.4466,11.757,12.415,10.438,11.87,10.639,11.727,11.92,12.509,10.896,10.786,12.678,13.025,8.2497,8.4195,10.396,10.491,10.116,8.7123,11.279,10.388,10.944,13.025,10.446,9.2162,12.928,9.4801,10.327,9.5873,10.539,10.264,15.735,16.624,12.033,13.57,13.012,11.292,9.0562,8.5991,9.6676,10.468,12.872,12.106,13.099,11.466,11.011,12.366,10.708,13.008,10.94,13.145
13.724,11.561,13.473,15.545,15.637,12.392,10.761,13.681,8.8172,11.966,0,12.648,12.232,14.715,15.755,12.722,15.45,14.986,12.187,13.901,14.687,14.979,9.1819,14.681,11.982,12.569,11.68,12.624,11.193,12.387,15.279,14.487,13.283,12.222,12.931,13.491,12.498,15.458,12,11.658,13.346,11.076,12.146,12.862,14.353,11.115,16.276,16.312,14.546,16.016,15.669,12.91,12.666,12.134,12.221,13.812,16.196,15.246,13.478,13.31,12.246,15.946,12.261,13.573,14.208,15.242
10.503,7.9468,9.7878,11.505,11.023,8.3871,6.1966,15.127,9.6996,9.135,12.648,0,2.3182,8.1504,9.1642,9.2161,11.122,10.12,10.894,13.677,8.4609,8.573,12.372,8.7684,10.438,7.9261,13.335,11.75,9.1879,9.2316,10.303,9.3551,8.179,9.2419,12.991,8.8586,10.127,11.537,10.636,11.299,11.88,9.8515,12.678,10.522,10.707,10.859,12.327,16.705,10.837,10.423,10.352,11.552,11.46,11.599,12.604,10.348,11.714,11.099,10.527,14.877,9.8799,10.142,13.57,9.8398,13.172,14.848
10.136,7.825,9.67,11.37,10.563,8.3619,6.2414,15.158,9.6873,8.9777,12.232,2.3182,0,8.2204,9.0746,9.1326,10.996,9.4955,10.939,13.69,8.6331,8.3038,12.33,8.8102,10.378,7.7217,13.251,11.836,9.3379,9.264,10.167,9.3214,8.3799,9.2458,12.888,8.8307,10.115,11.753,10.732,11.946,12.899,9.9104,12.496,10.6,10.707,10.442,12.204,16.576,10.957,10.405,10.401,11.421,11.641,11.309,12.541,10.299,11.758,11.387,10.559,14.815,9.8622,10.243,13.4,9.7751,13.029,14.889
10.36,9.1147,9.9262,8.6455,8.9682,6.53,7.1153,14.82,11.479,10.715,14.715,8.1504,8.2204,0,5.9832,6.5477,10.45,7.3303,11.383,14.808,8.2032,6.9804,14.297,6.3744,12.509,7.3802,16.61,13.687,9.6543,8.9493,6.6512,6.8385,9.6913,10.431,13.459,8.1168,8.2925,9.1292,10.727,10.795,10.618,11.297,12.764,9.5,8.3866,12.325,11.336,15.097,9.4479,9.0429,7.7063,10.33,10.689,11.629,12.268,8.3202,7.808,9.0399,9.659,15.122,8.8745,7.5546,12.477,8.6525,13.691,15.401
10.115,9.7034,9.203,8.5401,9.2477,6.4957,7.5496,15.937,12.132,12.914,15.755,9.1642,9.0746,5.9832,0,7.0137,12.429,7.7403,13.395,16.956,8.108,8.9605,16.387,8.7505,14.936,8.1724,17.588,15.843,11.599,11.888,8.6529,9.4049,12.537,11.363,15.474,9.5979,10.202,10.117,12.09,12.663,11.486,12.64,14.685,9.9249,9.7054,13.443,13.802,15.455,9.9698,10.064,9.7634,11.15,12.892,13.633,14.432,9.8614,9.5471,10.843,11.393,15.884,10.296,10.092,13.733,9.7588,14.231,16.356
9.0007,8.0759,7.7482,8.0645,8.9631,5.9244,7.5738,13.888,10.858,9.4466,12.722,9.2161,9.1326,6.5477,7.0137,0,12.561,10.613,10.747,15.962,9.3692,9.4058,13.985,8.8966,14.215,6.6654,15.074,14.944,9.5899,10.661,7.8517,8.745,12.884,8.1066,14.328,10.248,9.1298,10.591,11.08,8.7067,10.763,11.387,11.559,8.1988,8.4334,12.206,12.848,14.339,8.8562,10.479,9.9731,8.2799,9.9748,9.6542,10.021,8.7635,8.5514,9.5541,11.508,12.641,8.2083,12.236,9.5991,9.2425,10.031,14.623
11.297,13.087,11.433,12.385,9.5341,10.743,9.6845,11.717,12.201,11.757,15.45,11.122,10.996,10.45,12.429,12.561,0,12.91,14.038,12.43,13.093,11.357,14.494,10.786,12.656,10.826,16.13,15.691,10.912,9.7137,11.165,10.265,11.077,11.581,14.163,11.68,13.28,13.885,11.703,13.286,13.785,14.113,12.934,11.635,12.982,12.07,16.841,21.169,11.643,12.649,13.582,14.139,12.343,12.087,14.719,12.163,10.958,10.401,15.915,13.469,11.137,13.766,12.845,10.385,14.278,13.29
10.172,8.9314,9.1431,7.0277,12.011,7.7585,8.6658,15.645,12.775,12.415,14.986,10.12,9.4955,7.3303,7.7403,10.613,12.91,0,11.054,16.898,7.6594,8.5619,15.264,8.3141,14.124,7.2094,17.185,14.752,11.126,11.04,7.5137,8.8518,10.247,9.8924,15.818,8.2929,8.2597,8.1453,11.909,10.326,10.812,11.374,13.302,9.5375,8.5278,13.322,11.848,13.287,9.1168,9.9085,8.6811,10.137,11.49,12.159,12.728,8.9037,8.3956,9.2691,9.71,14.611,8.5408,8.3469,12.289,9.4171,11.54,15.799
9.7354,10.08,10.587,11.197,12.471,9.9713,8.752,13.663,10.014,10.438,12.187,10.894,10.939,11.383,13.395,10.747,14.038,11.054,0,15.059,11.499,12.432,11.318,12.108,11.588,10.029,13.35,11.427,11.78,9.4852,12.476,11.191,10.281,10.644,12.913,11.244,10.327,13.248,11.475,9.8792,12.616,11.089,10.33,11.469,11.92,11.105,12.724,12.942,13.112,13.879,12.491,12.117,10.394,9.696,10.135,11.653,13.857,13.982,9.426,12.413,10.947,14.316,11.646,12.177,10.075,14.211
14.057,13.944,16.27,16.791,15.222,14.51,13.193,11.738,10.097,11.87,13.901,13.677,13.69,14.808,16.956,15.962,12.43,16.898,15.059,0,17.412,16.106,13.008,15.669,12.14,15.21,12.266,15.555,12.317,12.236,15.289,14.643,12.419,13.295,12.511,13.767,15.751,16.609,14.277,13.842,16.404,11.406,11.754,13.338,15.072,11.283,17.457,20.81,16.85,16.811,15.919,14.328,11.785,12.425,13.732,14.855,16.992,14.851,16.397,12.141,15.284,16.941,13.295,15.566,15.426,12.636
9.7464,9.5629,8.0162,9.0765,12.173,9.732,8.1657,16.569,12.548,10.639,14.687,8.4609,8.6331,8.2032,8.108,9.3692,13.093,7.6594,11.499,17.412,0,9.1046,15.757,9.6802,15.206,7.4559,17.715,14.327,10.08,10.593,9.2762,9.792,12.13,9.15,16.512,9.6759,10.507,11.055,11.294,11.182,12.606,11.971,13.101,9.9855,10.569,13.001,13.596,13.78,9.8076,11.066,10.783,10.757,12.263,12.479,13.15,9.7006,11.12,10.937,9.9414,16.181,10.182,10.304,13.192,10.833,12.163,15.89
9.6073,9.4137,9.0689,7.6759,10.664,7.8385,8.1482,15.141,13.152,11.727,14.979,8.573,8.3038,6.9804,8.9605,9.4058,11.357,8.5619,12.432,16.106,9.1046,0,15.112,4.493,11.938,8.2886,17.601,13.658,9.9162,9.3077,7.0356,7.4832,9.2209,10.463,14.347,7.967,8.2636,8.6291,9.7375,10.699,10.005,11.86,13.124,9.8534,9.8224,11.92,11.279,14.804,8.4687,7.5041,6.5275,10.088,11.085,12.138,11.961,8.2787,7.8123,8.4796,10.104,14.746,7.7461,6.0882,11.668,7.8841,14.035,14.472
14.415,12.821,13.552,16.439,15.404,13.138,11.082,12.105,10.08,11.92,9.1819,12.372,12.33,14.297,16.387,13.985,14.494,15.264,11.318,13.008,15.757,15.112,0,15.251,11.461,13.196,9.9097,10.948,11.605,10.485,15.543,14.281,12.358,12.079,11.74,13.566,12.618,16.132,11.557,11.08,15.259,10.94,10.92,12.924,14.205,10.218,16.522,16.577,15.192,16.562,15.453,13.495,10.832,10.276,11.012,14.968,16.139,15.687,13.591,11.656,12.738,16.994,11.849,14.234,12.576,13.874
9.4325,10.197,10.191,8.599,9.9947,7.2977,6.8091,16.45,12.519,12.509,14.681,8.7684,8.8102,6.3744,8.7505,8.8966,10.786,8.3141,12.108,15.669,9.6802,4.493,15.251,0,12.024,8.7502,18.232,14.07,10.298,9.6751,7.0187,7.8536,9.3269,10.821,14.247,8.2103,9.0601,8.3548,9.8043,10.917,9.5311,11.763,13.866,9.7984,9.9163,12.563,12.34,16.142,8.9738,7.1109,6.5498,10.42,11.667,12.167,12.464,8.4588,8.1445,8.8696,10.415,14.299,7.4863,5.8998,12.738,7.8383,14.566,14.814
11.429,12.718,13.694,13.269,13.076,11.328,9.3442,14.634,11.663,10.896,11.982,10.438,10.378,12.509,14.936,14.215,12.656,14.124,11.588,12.14,15.206,11.938,11.461,12.024,0,12.521,13.276,12.558,11.796,9.964,13.147,13.189,10.722,13.137,11.601,10.269,11.237,14.319,10.646,11.541,12.203,10.008,12.037,11.566,12.866,10.179,12.034,17.361,12.331,12.533,11.964,12.413,11.712,11.313,11.528,11.907,13.171,13.671,11.002,13.243,10.879,12.545,13.134,11.705,15.313,12.553
8.2341,7.1109,7.8189,8.5197,10.492,6.8027,7.1291,15.199,10.742,10.786,12.569,7.9261,7.7217,7.3802,8.1724,6.6654,10.826,7.2094,10.029,15.21,7.4559,8.2886,13.196,8.7502,12.521,0,15.821,13.454,9.8919,10.686,8.8024,7.5741,9.9501,8.0151,14.498,8.2619,8.2756,8.0809,11.306,8.8036,10.883,11.124,12.221,9.0825,8.7332,11.479,14.297,13.956,8.9703,9.7525,9.9947,8.6472,9.9512,10.861,11.403,8.2157,10.016,9.4005,10.319,13.758,8.976,11.48,11.093,8.8459,10.338,13.876
15.921,13.347,15.032,18.03,17.639,16.248,14.249,13.015,11.481,12.678,11.68,13.335,13.251,16.61,17.588,15.074,16.13,17.185,13.35,12.266,17.715,17.601,9.9097,18.232,13.276,15.821,0,14.741,15.55,16.124,18.648,18.034,14.96,15.194,15.499,16.014,17.121,18.95,16.395,15.593,18.579,14.391,14.37,16.081,16.688,15.295,20.139,20.024,17.469,19.681,19.138,16.175,14.697,14.579,15.394,17.42,19.769,18.613,17.504,15.673,16.527,19.814,15.911,17.737,15.988,16.375
14.337,11.956,13.6,15.149,14.458,14.319,11.691,14.766,11.659,13.025,12.624,11.75,11.836,13.687,15.843,14.944,15.691,14.752,11.427,15.555,14.327,13.658,10.948,14.07,12.558,13.454,14.741,0,12.644,11.224,15.879,14.64,12.837,13.542,12.625,13.019,13.743,16.485,12.774,13.36,16.529,13.44,13.898,14.284,15.566,12.894,16.623,17.67,14.642,15.876,15.639,15.211,12.809,13.325,13.067,14.635,15.712,15.987,14.043,15.621,13.894,16.602,14.511,13.74,14.204,13.149
9.9221,9.4336,9.5396,11.598,9.951,8.8457,7.1363,10.62,7.5733,8.2497,11.193,9.1879,9.3379,9.6543,11.599,9.5899,10.912,11.126,11.78,12.317,10.08,9.9162,11.605,10.298,11.796,9.8919,15.55,12.644,0,8.7398,9.2682,9.3443,10.847,8.2448,12.585,11.456,10.245,12.301,10.251,10.107,12.515,9.3595,10.096,8.9485,10.487,9.1389,15.563,16.159,10.053,12.754,11.274,10.167,9.5487,9.2126,9.9466,9.4353,11.765,10.34,12.007,12.255,9.3927,10.395,9.9765,10.2,11.176,12.603
9.6224,9.4051,10.369,11.535,9.204,10.263,5.6791,11.309,9.0228,8.4195,12.387,9.2316,9.264,8.9493,11.888,10.661,9.7137,11.04,9.4852,12.236,10.593,9.3077,10.485,9.6751,9.964,10.686,16.124,11.224,8.7398,0,9.4832,9.0219,8.5151,9.6756,11.429,9.2527,8.9032,12.94,8.5203,9.0471,11.983,9.0487,9.5421,10.13,11.511,8.2827,13.912,16.129,11.127,11.981,11.598,10.086,7.7248,8.8956,10.14,10.938,12.347,11.231,11.584,11.463,9.2248,11.505,10.788,10.361,11.071,12.125
9.8434,10.607,9.9511,8.9969,8.8935,8.0637,9.0333,14.864,11.76,10.396,15.279,10.303,10.167,6.6512,8.6529,7.8517,11.165,7.5137,12.476,15.289,9.2762,7.0356,15.543,7.0187,13.147,8.8024,18.648,15.879,9.2682,9.4832,0,7.5634,11.317,10.571,17.73,9.3832,9.7843,9.2666,12.163,11.098,11.099,12.39,13.448,9.9046,9.3036,13.273,11.705,11.724,10.432,10.075,10.296,10.57,11.641,12.7,12.748,9.2121,9.3952,9.244,9.8651,15.002,9.5248,8.4981,12.324,10.291,13.969,15.41
9.0073,8.7786,8.5567,9.1867,8.3658,7.5529,7.5596,13.715,10.563,10.491,14.487,9.3551,9.3214,6.8385,9.4049,8.745,10.265,8.8518,11.191,14.643,9.792,7.4832,14.281,7.8536,13.189,7.5741,18.034,14.64,9.3443,9.0219,7.5634,0,8.9468,8.7208,15.758,8.1593,8.5512,7.729,10.527,10.025,10.016,11.225,11.834,9.28,8.2391,11.629,10.118,11.875,9.0514,8.3301,9.996,9.6409,10.877,10.977,12.14,7.567,10.284,7.5106,7.5282,13.581,7.8818,8.9316,11.518,8.5911,12.815,14.422
9.0845,10.52,9.7783,10.755,11.4,9.4504,7.7122,12.959,10.447,10.116,13.283,8.179,8.3799,9.6913,12.537,12.884,11.077,10.247,10.281,12.419,12.13,9.2209,12.358,9.3269,10.722,9.9501,14.96,12.837,10.847,8.5151,11.317,8.9468,0,9.0803,14.139,8.7262,12.057,10.026,11.025,10.433,9.7127,10.076,11.114,10.307,9.0116,8.7999,12.306,19.357,10.359,10.097,8.6976,11.258,9.9819,10.468,11.198,9.1889,11.019,10.188,10.64,13.505,9.2103,10.082,11.286,9.2073,12.822,13.979
8.5349,9.0217,7.6029,10.861,10.79,8.7337,8.3274,13.482,8.7674,8.7123,12.222,9.2419,9.2458,10.431,11.363,8.1066,11.581,9.8924,10.644,13.295,9.15,10.463,12.079,10.821,13.137,8.0151,15.194,13.542,8.2448,9.6756,10.571,8.7208,9.0803,0,15.909,10.391,10.931,11.145,10.581,9.5707,13.089,12.09,9.6277,8.7039,10.429,10.088,14.614,13.257,9.9426,12.301,12.596,8.9794,10.592,10.953,10.779,9.8007,11.873,9.7255,11.098,12.559,10.547,12.499,10.582,10.043,11.374,13.767
14.498,12.81,15.601,15.055,15.54,12.731,11.004,14.223,11.864,11.279,12.931,12.991,12.888,13.459,15.474,14.328,14.163,15.818,12.913,12.511,16.512,14.347,11.74,14.247,11.601,14.498,15.499,12.625,12.585,11.429,17.73,15.758,14.139,15.909,0,14.019,15.12,16.926,12.046,13.873,16.272,10.933,13.802,13.724,13.787,11.881,16.977,20.114,15.41,16.493,14.588,14.705,11.954,12.553,13.342,14.297,15.813,15.719,15.066,13.601,13.407,15.872,14.762,14.797,16.428,15.043
9.989,9.2577,8.8785,8.664,10.77,7.7216,8.351,14.055,10.534,10.388,13.491,8.8586,8.8307,8.1168,9.5979,10.248,11.68,8.2929,11.244,13.767,9.6759,7.967,13.566,8.2103,10.269,8.2619,16.014,13.019,11.456,9.2527,9.3832,8.1593,8.7262,10.391,14.019,0,8.4584,8.7717,9.4608,8.7886,9.5209,9.7922,10.461,7.3799,6.6523,11.352,10.975,13.103,6.6205,8.8441,8.2137,7.418,9.1415,9.6326,9.3684,6.4031,8.4567,8.2215,7.4949,11.915,7.8745,8.7645,10.01,6.6168,11.284,11.921
10.535,9.83,9.2755,8.7111,11.928,7.6413,7.8982,13.765,11.739,10.944,12.498,10.127,10.115,8.2925,10.202,9.1298,13.28,8.2597,10.327,15.751,10.507,8.2636,12.618,9.0601,11.237,8.2756,17.121,13.743,10.245,8.9032,9.7843,8.5512,12.057,10.931,15.12,8.4584,0,8.2156,10.179,9.1664,9.4703,9.6553,10.029,8.6654,7.5319,11.576,11.516,13.102,7.8943,9.1401,7.6223,8.7583,9.5076,9.5583,9.0296,8.3586,8.1237,9.5334,6.2293,12.031,7.3825,8.8657,9.2811,7.591,10.965,13.874
10.869,11.478,11.325,7.7906,12.76,8.8444,10.335,16.641,13.13,13.025,15.458,11.537,11.753,9.1292,10.117,10.591,13.885,8.1453,13.248,16.609,11.055,8.6291,16.132,8.3548,14.319,8.0809,18.95,16.485,12.301,12.94,9.2666,7.729,10.026,11.145,16.926,8.7717,8.2156,0,12.039,10.627,10.323,12.74,13.787,9.7263,8.8604,13.463,10.561,16.313,8.0198,7.7875,8.6586,8.9947,12.509,12.957,12.082,7.7833,7.4737,6.3731,8.7372,14.995,8.8111,9.6241,11.403,8.4062,13.17,13.943
11.191,10.946,10.817,11.931,10.239,10.542,8.054,15.652,10.866,10.446,12,10.636,10.732,10.727,12.09,11.08,11.703,11.909,11.475,14.277,11.294,9.7375,11.557,9.8043,10.646,11.306,16.395,12.774,10.251,8.5203,12.163,10.527,11.025,10.581,12.046,9.4608,10.179,12.039,0,10.113,11.307,9.6235,10.072,9.4467,11.471,10.012,12.951,17.744,11.299,10.881,12.922,10.231,9.2777,11.297,10.817,11.011,11.936,10.536,12.273,12.443,9.3109,12.779,11.031,10.585,12.287,11.375
10.318,9.8957,8.6506,10.716,10.459,10.109,9.1453,13.059,10.915,9.2162,11.658,11.299,11.946,10.795,12.663,8.7067,13.286,10.326,9.8792,13.842,11.182,10.699,11.08,10.917,11.541,8.8036,15.593,13.36,10.107,9.0471,11.098,10.025,10.433,9.5707,13.873,8.7886,9.1664,10.627,10.113,0,11.744,11.635,9.9834,7.8929,10.171,11.2,13.918,15.765,10.667,12.474,12.124,8.6144,8.7567,8.8106,8.8476,9.9017,11.84,11.79,10.949,9.9171,10.333,12.9,8.2624,10.811,8.7955,12.505
10.557,11.4,12.619,8.5547,12.643,10.505,10.642,16.42,13.75,12.928,13.346,11.88,12.899,10.618,11.486,10.763,13.785,10.812,12.616,16.404,12.606,10.005,15.259,9.5311,12.203,10.883,18.579,16.529,12.515,11.983,11.099,10.016,9.7127,13.089,16.272,9.5209,9.4703,10.323,11.307,11.744,0,14.246,14.058,12.042,11.308,14.018,11.082,14.747,11.568,11.632,11.178,11.871,12.881,12.674,12.172,11.015,11.64,12.654,10.739,14.41,10.467,11.543,11.865,11.672,15.453,13.741
11.167,9.1593,11.792,12.13,12.356,9.9204,8.603,13.765,8.0437,9.4801,11.076,9.8515,9.9104,11.297,12.64,11.387,14.113,11.374,11.089,11.406,11.971,11.86,10.94,11.763,10.008,11.124,14.391,13.44,9.3595,9.0487,12.39,11.225,10.076,12.09,10.933,9.7922,9.6553,12.74,9.6235,11.635,14.246,0,9.8646,10.364,10.051,9.4194,14.364,16.76,11.899,13.098,11.852,10.982,8.0491,9.7271,9.8923,10.831,12.596,12.06,11.273,10.987,10.393,12.464,11.395,12.24,12.093,12.007
11.724,11.303,11.39,13.336,12.432,11.494,10.666,12.541,9.9556,10.327,12.146,12.678,12.496,12.764,14.685,11.559,12.934,13.302,10.33,11.754,13.101,13.124,10.92,13.866,12.037,12.221,14.37,13.898,10.096,9.5421,13.448,11.834,11.114,9.6277,13.802,10.461,10.029,13.787,10.072,9.9834,14.058,9.8646,0,9.0396,10.436,10.127,15.761,15.948,11.619,13.74,13.979,9.7174,6.9865,7.8418,6.5875,12.261,14.126,12.684,11.638,8.5316,11.302,14.983,8.3185,11.677,9.4531,11.857
10.49,9.8933,8.7255,10.39,11.013,8.2929,8.5625,14.876,11.182,9.5873,12.862,10.522,10.6,9.5,9.9249,8.1988,11.635,9.5375,11.469,13.338,9.9855,9.8534,12.924,9.7984,11.566,9.0825,16.081,14.284,8.9485,10.13,9.9046,9.28,10.307,8.7039,13.724,7.3799,8.6654,9.7263,9.4467,7.8929,12.042,10.364,9.0396,0,8.6622,11.994,14.339,14.634,8.0618,11.336,11.006,7.0648,9.45,9.3712,9.3426,8.5524,10.239,10.286,11.288,12.255,9.9949,12.043,9.5171,9.1219,10.38,12.993
11.571,9.7548,9.4754,9.6849,12.582,7.5671,9.6416,14.738,11.861,10.539,14.353,10.707,10.707,8.3866,9.7054,8.4334,12.982,8.5278,11.92,15.072,10.569,9.8224,14.205,9.9163,12.866,8.7332,16.688,15.566,10.487,11.511,9.3036,8.2391,9.0116,10.429,13.787,6.6523,7.5319,8.8604,11.471,10.171,11.308,10.051,10.436,8.6622,0,11.787,12.225,14.402,7.8234,10.599,9.0721,7.736,9.9322,9.9281,9.4936,7.6513,8.5357,9.5522,10.792,12.102,8.54,10.218,10.348,8.574,11.065,14.243
9.9758,11.018,11.056,13.411,12.453,10.226,8.5449,10.762,8.2177,10.264,11.115,10.859,10.442,12.325,13.443,12.206,12.07,13.322,11.105,11.283,13.001,11.92,10.218,12.563,10.179,11.479,15.295,12.894,9.1389,8.2827,13.273,11.629,8.7999,10.088,11.881,11.352,11.576,13.463,10.012,11.2,14.018,9.4194,10.127,11.994,11.787,0,15,16.699,11.27,12.321,12.401,10.451,8.4711,7.9022,9.1918,10.608,12.696,10.552,11.08,10.471,10.134,14.219,9.9753,10.905,11.651,11.047
12.831,13.64,14.533,7.5745,14.655,12.008,12.144,18.253,15.405,15.735,16.276,12.327,12.204,11.336,13.802,12.848,16.841,11.848,12.724,17.457,13.596,11.279,16.522,12.34,12.034,14.297,20.139,16.623,15.563,13.912,11.705,10.118,12.306,14.614,16.977,10.975,11.516,10.561,12.951,13.918,11.082,14.364,15.761,14.339,12.225,15,0,13.569,9.869,9.2368,9.4056,11.884,13.796,13.917,13.919,11.141,10.537,12.031,8.5021,16.108,10.191,10.106,14.194,9.4841,15.589,14.557
16.229,15.777,14.24,14.641,17.875,14.1,15.642,20.821,16.675,16.624,16.312,16.705,16.576,15.097,15.455,14.339,21.169,13.287,12.942,20.81,13.78,14.804,16.577,16.142,17.361,13.956,20.024,17.67,16.159,16.129,11.724,11.875,19.357,13.257,20.114,13.103,13.102,16.313,17.744,15.765,14.747,16.76,15.948,14.634,14.402,16.699,13.569,0,12.154,12.685,12.652,11.804,14.584,14.262,12.52,12.115,12.803,13.072,11.266,15.68,12.352,13.864,12.816,12.639,14.382,16.75
10.777,10.306,9.1364,9.7703,10.177,8.3318,9.2297,15.907,12.425,12.033,14.546,10.837,10.957,9.4479,9.9698,8.8562,11.643,9.1168,13.112,16.85,9.8076,8.4687,15.192,8.9738,12.331,8.9703,17.469,14.642,10.053,11.127,10.432,9.0514,10.359,9.9426,15.41,6.6205,7.8943,8.0198,11.299,10.667,11.568,11.899,11.619,8.0618,7.8234,11.27,9.869,12.154,0,9.0783,9.2926,7.5301,11.915,12.129,10.622,7.9175,8.3463,9.9579,11.42,14.169,9.0377,9.2613,10.962,7.31,12.055,14.355
11.152,11.796,11.08,8.5569,11.644,8.4128,9.2123,16.407,13.169,13.57,16.016,10.423,10.405,9.0429,10.064,10.479,12.649,9.9085,13.879,16.811,11.066,7.5041,16.562,7.1109,12.533,9.7525,19.681,15.876,12.754,11.981,10.075,8.3301,10.097,12.301,16.493,8.8441,9.1401,7.7875,10.881,12.474,11.632,13.098,13.74,11.336,10.599,12.321,9.2368,12.685,9.0783,0,7.2365,9.4918,12.828,13.483,12.413,9.2168,8.1944,8.1019,9.2967,15.126,9.383,7.6254,12.531,7.9234,15.103,14.262
12.156,11.436,11.59,8.6524,12.214,7.1881,8.9038,16.24,13.163,13.012,15.669,10.352,10.401,7.7063,9.7634,9.9731,13.582,8.6811,12.491,15.919,10.783,6.5275,15.453,6.5498,11.964,9.9947,19.138,15.639,11.274,11.598,10.296,9.996,8.6976,12.596,14.588,8.2137,7.6223,8.6586,12.922,12.124,11.178,11.852,13.979,11.006,9.0721,12.401,9.4056,12.652,9.2926,7.2365,0,9.5627,12.239,12.133,11.566,8.6842,6.1194,8.3649,8.7661,14.295,8.3273,6.4474,12.101,8.2139,14.106,14.753
10.165,10.649,8.7884,9.3049,12.028,9.7195,9.4897,13.529,10.216,11.292,12.91,11.552,11.421,10.33,11.15,8.2799,14.139,10.137,12.117,14.328,10.757,10.088,13.495,10.42,12.413,8.6472,16.175,15.211,10.167,10.086,10.57,9.6409,11.258,8.9794,14.705,7.418,8.7583,8.9947,10.231,8.6144,11.871,10.982,9.7174,7.0648,7.736,10.451,11.884,11.804,7.5301,9.4918,9.5627,0,10.444,10.414,8.9937,9.512,10.621,9.8556,12.131,12.334,10.233,11.741,9.0446,10.093,11.751,12.475
10.085,10.131,10.212,12.013,11.671,10.316,9.3865,11.994,9.1162,9.0562,12.666,11.46,11.641,10.689,12.892,9.9748,12.343,11.49,10.394,11.785,12.263,11.085,10.832,11.667,11.712,9.9512,14.697,12.809,9.5487,7.7248,11.641,10.877,9.9819,10.592,11.954,9.1415,9.5076,12.509,9.2777,8.7567,12.881,8.0491,6.9865,9.45,9.9322,8.4711,13.796,14.584,11.915,12.828,12.239,10.444,0,7.3217,7.369,10.659,12.608,11.711,11.539,8.7217,10.361,13.374,7.9099,11.215,8.241,10.861
10.826,10.746,10.434,12.193,12.477,10.764,9.5816,11.061,9.2498,8.5991,12.134,11.599,11.309,11.629,13.633,9.6542,12.087,12.159,9.696,12.425,12.479,12.138,10.276,12.167,11.313,10.861,14.579,13.325,9.2126,8.8956,12.7,10.977,10.468,10.953,12.553,9.6326,9.5583,12.957,11.297,8.8106,12.674,9.7271,7.8418,9.3712,9.9281,7.9022,13.917,14.262,12.129,13.483,12.133,10.414,7.3217,0,6.7513,10.212,11.893,11.197,10.822,7.5281,9.8316,13.309,7.2,10.514,9.4623,10.853
12.106,11.91,11.651,12.488,12.186,10.813,10.675,12.029,10.149,9.6676,12.221,12.604,12.541,12.268,14.432,10.021,14.719,12.728,10.135,13.732,13.15,11.961,11.012,12.464,11.528,11.403,15.394,13.067,9.9466,10.14,12.748,12.14,11.198,10.779,13.342,9.3684,9.0296,12.082,10.817,8.8476,12.172,9.8923,6.5875,9.3426,9.4936,9.1918,13.919,12.52,10.622,12.413,11.566,8.9937,7.369,6.7513,0,10.311,12.215,11.651,9.7839,8.9192,10.448,13.081,7.9212,10.773,9.3762,11.8
9.6752,10.21,9.629,9.2205,10.679,8.6105,8.9103,15.824,11.543,10.468,13.812,10.348,10.299,8.3202,9.8614,8.7635,12.163,8.9037,11.653,14.855,9.7006,8.2787,14.968,8.4588,11.907,8.2157,17.42,14.635,9.4353,10.938,9.2121,7.567,9.1889,9.8007,14.297,6.4031,8.3586,7.7833,11.011,9.9017,11.015,10.831,12.261,8.5524,7.6513,10.608,11.141,12.115,7.9175,9.2168,8.6842,9.512,10.659,10.212,10.311,0,9.5528,8.7037,9.1914,13.541,8.9488,9.3194,10.959,7.6563,12.568,13.391
12.373,11.647,10.244,7.7672,10.184,8.134,9.7816,16.451,14.567,12.872,16.196,11.714,11.758,7.808,9.5471,8.5514,10.958,8.3956,13.857,16.992,11.12,7.8123,16.139,8.1445,13.171,10.016,19.769,15.712,11.765,12.347,9.3952,10.284,11.019,11.873,15.813,8.4567,8.1237,7.4737,11.936,11.84,11.64,12.596,14.126,10.239,8.5357,12.696,10.537,12.803,8.3463,8.1944,6.1194,10.621,12.608,11.893,12.215,9.5528,0,8.5047,12.535,14.488,9.0999,8.2913,11.989,7.8721,13.584,14.563
9.9739,11.21,10.018,9.3004,10.348,8.5214,9.6252,15.199,11.811,12.106,15.246,11.099,11.387,9.0399,10.843,9.5541,10.401,9.2691,13.982,14.851,10.937,8.4796,15.687,8.8696,13.671,9.4005,18.613,15.987,10.34,11.231,9.244,7.5106,10.188,9.7255,15.719,8.2215,9.5334,6.3731,10.536,11.79,12.654,12.06,12.684,10.286,9.5522,10.552,12.031,13.072,9.9579,8.1019,8.3649,9.8556,11.711,11.197,11.651,8.7037,8.5047,0,13.935,13.477,10.607,11.722,10.157,8.0358,13.438,12.474
10.579,10.603,11.063,9.9931,12.598,8.857,9.0578,15.643,12.956,13.099,13.478,10.527,10.559,9.659,11.393,11.508,15.915,9.71,9.426,16.397,9.9414,10.104,13.591,10.415,11.002,10.319,17.504,14.043,12.007,11.584,9.8651,7.5282,10.64,11.098,15.066,7.4949,6.2293,8.7372,12.273,10.949,10.739,11.273,11.638,11.288,10.792,11.08,8.5021,11.266,11.42,9.2967,8.7661,12.131,11.539,10.822,9.7839,9.1914,12.535,13.935,0,11.8,8.4876,9.1723,9.6307,8.2535,10.81,12.41
13.5,14.015,13.236,14.73,14.587,12.785,12.989,11.005,11.817,11.466,13.31,14.877,14.815,15.122,15.884,12.641,13.469,14.611,12.413,12.141,16.181,14.746,11.656,14.299,13.243,13.758,15.673,15.621,12.255,11.463,15.002,13.581,13.505,12.559,13.601,11.915,12.031,14.995,12.443,9.9171,14.41,10.987,8.5316,12.255,12.102,10.471,16.108,15.68,14.169,15.126,14.295,12.334,8.7217,7.5281,8.9192,13.541,14.488,13.477,11.8,0,13.338,17.41,9.7332,13.589,10.687,11.669
10.626,9.4706,9.3696,9.3196,10.449,6.8805,8.2114,14.501,11.261,11.011,12.246,9.8799,9.8622,8.8745,10.296,8.2083,11.137,8.5408,10.947,15.284,10.182,7.7461,12.738,7.4863,10.879,8.976,16.527,13.894,9.3927,9.2248,9.5248,7.8818,9.2103,10.547,13.407,7.8745,7.3825,8.8111,9.3109,10.333,10.467,10.393,11.302,9.9949,8.54,10.134,10.191,12.352,9.0377,9.383,8.3273,10.233,10.361,9.8316,10.448,8.9488,9.0999,10.607,8.4876,13.338,0,7.6815,9.5199,6.9244,12.748,12.534
11.964,11.416,11.985,7.818,13.516,9.0201,10.21,16.112,13.797,12.366,15.946,10.142,10.243,7.5546,10.092,12.236,13.766,8.3469,14.316,16.941,10.304,6.0882,16.994,5.8998,12.545,11.48,19.814,16.602,10.395,11.505,8.4981,8.9316,10.082,12.499,15.872,8.7645,8.8657,9.6241,12.779,12.9,11.543,12.464,14.983,12.043,10.218,14.219,10.106,13.864,9.2613,7.6254,6.4474,11.741,13.374,13.309,13.081,9.3194,8.2913,11.722,9.1723,17.41,7.6815,0,13.247,9.5703,15.312,15.355
11.258,11.95,10.5,11.835,12.285,10.596,10.955,12.169,10.335,10.708,12.261,13.57,13.4,12.477,13.733,9.5991,12.845,12.289,11.646,13.295,13.192,11.668,11.849,12.738,13.134,11.093,15.911,14.511,9.9765,10.788,12.324,11.518,11.286,10.582,14.762,10.01,9.2811,11.403,11.031,8.2624,11.865,11.395,8.3185,9.5171,10.348,9.9753,14.194,12.816,10.962,12.531,12.101,9.0446,7.9099,7.2,7.9212,10.959,11.989,10.157,9.6307,9.7332,9.5199,13.247,0,11.3,10.966,11.262
9.5319,10.143,9.3726,9.2387,9.4001,6.8451,8.2914,15.602,11.518,13.008,13.573,9.8398,9.7751,8.6525,9.7588,9.2425,10.385,9.4171,12.177,15.566,10.833,7.8841,14.234,7.8383,11.705,8.8459,17.737,13.74,10.2,10.361,10.291,8.5911,9.2073,10.043,14.797,6.6168,7.591,8.4062,10.585,10.811,11.672,12.24,11.677,9.1219,8.574,10.905,9.4841,12.639,7.31,7.9234,8.2139,10.093,11.215,10.514,10.773,7.6563,7.8721,8.0358,8.2535,13.589,6.9244,9.5703,11.3,0,12.46,13.299
11.349,11.904,10.07,13.16,12.74,12.677,11.678,13.792,12.086,10.94,14.208,13.172,13.029,13.691,14.231,10.031,14.278,11.54,10.075,15.426,12.163,14.035,12.576,14.566,15.313,10.338,15.988,14.204,11.176,11.071,13.969,12.815,12.822,11.374,16.428,11.284,10.965,13.17,12.287,8.7955,15.453,12.093,9.4531,10.38,11.065,11.651,15.589,14.382,12.055,15.103,14.106,11.751,8.241,9.4623,9.3762,12.568,13.584,13.438,10.81,10.687,12.748,15.312,10.966,12.46,0,14.142
13.102,14.947,14.154,14.227,14.112,13.22,12.932,13.567,12.037,13.145,15.242,14.848,14.889,15.401,16.356,14.623,13.29,15.799,14.211,12.636,15.89,14.472,13.874,14.814,12.553,13.876,16.375,13.149,12.603,12.125,15.41,14.422,13.979,13.767,15.043,11.921,13.874,13.943,11.375,12.505,13.741,12.007,11.857,12.993,14.243,11.047,14.557,16.75,14.355,14.262,14.753,12.475,10.861,10.853,11.8,13.391,14.563,12.474,12.41,11.669,12.534,15.355,11.262,13.299,14.142,0
