-7.5477,-7.5059,-7.4515,-7.4515,-8.0329,-9.8043,-7.2231,-2.3358,1.7762,6.1392,7.9081,6.7135,5.3059,4.5399,5.7877,7.5262,8.7391,10.534,6.8527,-1.2779,-4.2837,-1.688,-0.19752,-1.7661,-3.7084,-4.4745,-5.78,-7.3535,-5.3231,-1.7321,-2.6506,-5.7798,-2.2909,1.3934,-2.0972,-3.5252,-5.1253,-6.7351,-6.6241,-6.8111,-6.465,-8.3911,-8.3923,-5.4195,-5.7851,-8.3719,-7.2107,-1.2534,7.1467,13.773,14.208,-0.71214,-14.526,-12.406,2.2837,7.857,8.2972,3.1125,-4.9659,-2.4963,0.15574,-5.9469,-10.035,-11.92,-8.614,-2.398,4.0974,9.8613,8.5312,-0.64507,-7.5333,-5.6687,-7.114,-13.251,-9.6446,7.4188,11.63,9.0782,7.1792,8.4382,9.9121,9.0272,7.0684,5.9105,3.3982,2.2297,2.6807,-1.3775,-3.4761,-3.6079,-1.6077,-0.79418,-0.71655,-0.57273,-1.3668,-2.4337,-3.3483,-4.1362,-5.2753,-5.7507,0.5787,0.40875,0.18726,0.18726,0.034054,0.016646,-3.0884,-2.9913,2.2688,4.066,5.4046,7.5623,8.7536,9.5675,9.3723,7.4638,6.1581,3.436,-3.0995,-3.4661,0.083366,-5.7918,-10.974,-5.9184,1.7101,3.6251,1.6013,1.6193,1.4752,-4.172,-4.0969,0.64261,-1.8624e-05,-2.3292,-2.8454,-2.9861,-1.7682,-1.8524,-2.7158,0.23767,2.3323,0.91057,1.8172,2.9791,4.0899,4.8318,2.5496,2.9375,0.39642,-5.3269,-7.379,-2.6975,-2.2662,-1.3297,0.083233,0.52208,3.2203,5.143,3.7648,2.6845,-0.69268,-2.9103,-1.7761,1.6535,4.686,3.6724,0.76851,-2.9151,-2.5577,-2.6887,-2.9933,-1.4164,-2.1039,-3.6211,2.6733,0.4547,-1.2901,-3.5314,1.9926,3.9476,2.4675,1.858,-1.4059,-4.5604,-2.9286,-1.3059,-1.2355,1.0128,1.0169,1.692,1.3826,0.39633,-0.3947,-0.85253,-0.40712,0.58288,2.737,4.3231,3.7812,3.6967
-4.758,-4.7163,-4.6618,-4.6618,-5.2432,-7.096,-10.414,-11.721,-5.7665,-1.5301,-1.0467,-0.34081,0.65576,0.52928,1.4249,3.5431,7.7748,12.76,13.217,8.807,3.6618,0.72267,-0.13897,0.93173,1.7241,0.97461,0.097865,-0.39259,-1.0877,-2.4141,-3.7741,-1.8696,-0.39376,-0.11743,-0.26723,-3.3635,-3.0197,-2.4136,-3.4021,-4.2091,-7.4184,-6.521,-5.5513,-7.9291,-5.5491,-0.37401,3.9019,10.859,13.294,9.7029,3.8745,1.8741,1.6271,-0.20884,-0.14814,2.2989,4.0175,1.8236,-5.1288,-10.727,-7.6021,-3.8177,-4.622,-3.0999,3.5027,10.237,12.289,7.2502,-2.817,-1.6474,7.836,9.6961,2.159,-5.4103,-5.9025,-2.1756,0.063015,0.81036,-1.6643,-1.846,0.95158,4.0911,4.594,4.4631,3.2306,1.6932,2.5476,2.084,1.4861,-0.32754,-0.9138,-2.8029,-4.3509,-4.9698,-4.9878,-4.0846,-2.7659,-1.1036,-0.50722,-0.14906,-3.7257,-3.8956,-4.1171,-4.1171,-4.2703,-4.2747,-8.0392,-10.863,-7.1655,2.955,5.5926,2.7969,3.6447,5.7878,6.0031,6.1089,5.7077,2.1512,-2.883,-5.0882,-4.3432,-2.4606,-0.69025,-1.5335,-3.0237,-2.3621,0.90654,2.6893,3.1955,5.0128,5.5122,2.8416,-1.5349,-4.4502,-3.9189,-1.9556,-1.6778,-2.551,-0.34397,1.8973,2.083,4.5571,5.9931,4.8073,4.3594,9.1782,8.297,-3.934,-9.5753,-5.4192,-4.0582,-5.0254,-3.34,-2.7512,-3.1901,-2.9644,-1.4641,4.2982,5.1204,-6.4393,-9.0653,-2.1415,2.1235,4.0864,4.479,-3.6067,-10.816,-3.2512,1.0932,-1.3313,-4.948,-6.0206,-4.9641,-3.0958,3.2462,4.689,1.6148,4.3926,5.8412,0.57636,-3.5479,-2.1387,-0.97182,-2.9652,-0.83828,0.61034,0.86456,2.9214,2.2641,2.9303,3.5309,5.7909,8.1812,10.12,10.525,8.3765,3.3426,-3.0007,-7.2681,-8.9824
-1.3178,-1.276,-1.2215,-1.2215,-1.8029,-3.8532,8.1304,10.885,5.117,5.9016,6.7699,5.2707,3.4499,1.8903,1.4435,1.9017,1.3824,-0.7052,-0.45018,-0.46754,-0.29791,-0.070627,-0.12072,0.71237,1.7718,1.8792,1.1369,0.99087,0.12498,-1.3217,-2.3037,-0.10188,0.61798,-0.085767,0.29651,-2.18,-0.80101,1.389,-1.599,0.053328,2.4557,-0.53026,-3.3784,1.0829,4.3873,0.63523,4.0953,5.5209,4.2435,-6.4433,-15.417,-13.181,-7.7511,-1.8508,3.1451,9.1935,12.036,0.12724,-4.741,-3.1893,-2.9754,-0.97761,-1.2717,-0.92778,6.2401,9.3703,6.7419,1.3001,-6.1993,-9.9549,-5.8472,1.0511,2.9435,0.64076,-0.23426,1.4277,-2.2157,-0.84224,3.0042,-1.3331,-5.2599,-2.1447,1.0677,3.4965,6.9787,3.7997,-2.7725,-1.7978,-0.96169,0.28507,1.0127,1.0228,-0.57804,-2.1532,-2.3622,-4.1221,-5.5737,-5.7901,-7.0212,-7.5262,1.6813,1.5114,1.2899,1.2899,1.1367,1.1597,3.9881,5.4015,3.3931,0.3361,-1.3744,-2.2477,-2.9238,-2.2927,2.4696,6.7887,4.0595,0.40841,-0.77755,-0.84956,-1.0506,-0.15573,2.5097,2.6961,-1.6398,-3.5656,1.8446,7.7269,8.498,7.9301,5.5033,0.12621,-2.9504,-0.37406,3.0335,3.5349,3.8988,3.458,2.2175,2.9032,4.1778,3.8524,3.1258,3.1716,2.1056,1.5323,-0.36752,-2.414,-4.7146,3.0047,2.7385,-2.8926,-3.8064,-0.72316,0.69686,-2.9001,-5.3797,-10.85,-23.342,-16.105,-5.0008,1.7409,2.5872,3.0322,1.6358,-3.252,-4.9717,-1.7174,0.21492,-0.3466,-2.7022,-3.7519,-1.6663,-1.4576,-0.44361,0.094795,-1.1347,-2.3187,-0.90445,1.9017,-1.3474,-4.039,0.13898,4.0764,3.2877,2.7493,3.2251,0.84955,-0.21334,-0.098649,0.26209,-0.24674,0.45171,2.0487,1.8436,2.5162,4.2778,5.2271,6.0013,6.6335
10.971,11.013,11.067,11.067,10.486,8.4357,10.562,13.164,9.617,7.3093,4.9527,3.437,2.3842,3.9301,8.3927,8.5288,0.071355,-9.7643,-12.291,-9.7169,-4.2871,-1.962,-1.2735,-3.0461,-2.8418,-0.083449,0.027144,-0.041769,0.17442,0.084403,-1.6294,-3.4013,-5.0852,-3.0264,-0.52395,-2.6246,-1.3948,1.6443,5.2965,6.0317,3.2084,3.848,6.8379,5.8956,3.881,2.293,-1.4697,-1.5882,0.44872,-1.1126,-1.4845,0.076342,2.0561,-0.070082,-7.848,-11.788,-9.1462,-6.7182,-6.4644,-6.11,-2.6045,5.4069,9.6867,9.915,6.4854,2.3444,0.76772,3.6667,4.161,-6.1066,-14.689,-11.911,-0.99915,5.3511,8.556,3.1161,4.8448,7.257,4.6681,4.9837,5.2301,5.0442,6.4283,8.7792,6.7081,-0.89024,-4.1187,-4.4509,-5.6639,-5.0356,-5.3963,-6.1333,-5.5852,-5.0226,-4.4311,-4.5122,-5.0092,-5.1337,-5.4784,-5.3603,-1.291,-1.4609,-1.6824,-1.6824,-1.8356,-1.8126,2.1178,5.8784,9.2523,8.0791,3.3938,-1.0589,-1.3643,1.376,5.0052,3.302,1.2576,4.4865,5.8559,5.8258,3.5709,-3.1522,-8.5287,-4.7061,2.2531,3.5531,1.8122,0.29778,-0.83296,-1.3633,1.692,7.2387,7.4817,2.7006,-1.3712,-0.41331,0.42218,0.79779,4.6804,3.652,1.4241,1.7439,1.1258,-0.37767,0.7088,1.7153,-0.25492,2.2398,3.6732,1.6248,-3.1429,-2.3663,0.74332,-0.11846,0.4964,0.67386,-0.80791,-2.6369,-3.7584,-0.84587,0.9443,3.6403,2.5937,-0.26124,-1.2316,-3.8779,-6.9,-10.486,-11.653,-7.4922,-3.9518,-3.5012,-1.743,-0.23309,-4.5438,-4.4631,3.2623,5.1016,6.1052,4.0277,-1.1268,-0.29671,1.4352,1.3753,2.5318,5.6189,7.0624,5.8975,6.3882,6.3603,4.0844,2.0188,1.1714,0.50846,-0.76997,-0.25594,2.1707,2.2858,0.33478,-0.82538
1.4835,1.5253,1.5797,1.5797,0.99833,-1.0519,8.1274,11.194,9.6099,8.5827,6.2279,5.7897,4.7619,3.0062,2.0306,-0.49363,-2.1065,-1.1436,-2.4708,-2.0146,-3.0867,-4.1747,-3.2276,-2.3893,-2.5438,-2.6319,-2.1566,-1.9551,-2.4754,-3.7654,-5.4023,-6.0794,-4.7008,-1.7128,-1.3592,-4.4261,-3.0889,-0.1753,-3.1633,-0.86491,2.5027,-0.48326,-3.3314,0.92348,3.8703,0.11818,2.0092,2.7731,0.97656,0.65206,-1.8066,-2.4242,-0.31891,0.25862,-5.0785,-10.404,-7.3031,-0.049566,2.4661,-0.868,-4.1254,-6.9997,-4.7762,-0.15085,0.17597,-1.1404,-1.2149,-0.92277,-0.051873,0.91607,3.234,1.4827,-3.8692,-9.2665,-8.907,6.6294,10.619,8.4733,5.6112,5.8479,7.246,5.0551,1.7159,1.0085,-0.5144,-3.4141,-3.915,-1.5349,1.4077,3.721,3.5046,1.8826,0.90985,0.41905,-0.84602,-1.8732,-2.4004,-3.084,-4.3421,-4.8428,-2.8763,-3.0462,-3.2677,-3.2677,-3.4209,-3.3979,0.45477,2.7536,6.0443,6.9129,5.9235,3.7505,1.6919,0.90445,-0.52319,-0.64192,-0.11211,-1.1367,-1.3064,-0.14323,2.4989,4.8459,4.3642,2.8833,3.1874,2.2497,-2.1247,-5.017,-3.9988,-1.0633,1.2214,0.31605,-1.2548,-1.1649,-1.4282,-2.0337,-0.2586,1.9296,0.68905,2.4385,4.68,4.3546,3.628,4.1601,3.6814,3.1081,5.0383,6.0387,4.1654,1.9561,0.19908,-2.4671,-4.4449,-3.3514,-1.1855,-0.66845,-0.95257,1.5385,5.3921,2.0222,-3.7111,-3.1549,2.7986,5.0107,4.7139,1.8217,-0.7936,2.2917,3.6767,-1.9368,-7.101,-6.0427,-4.6772,-3.1101,1.8844,-1.0124,3.3515,5.1861,3.3096,0.46053,0.40243,2.8252,2.8794,0.30545,0.059063,1.193,0.004019,-2.4885,-4.2465,-5.7081,-6.3651,-4.4712,-2.5552,-2.4444,-0.53524,1.517,2.7877,4.1354,4.2264,4.3321
1.9621,2.0039,2.0583,2.0583,1.4769,-0.57331,8.3811,11.562,8.9508,7.2493,4.9292,2.7909,1.6066,2.4673,4.4887,6.002,4.6723,1.3902,-1.5591,-3.546,-3.2121,-2.5483,-1.7617,-0.69136,0.15945,0.34071,-0.50114,-1.0193,2.807,7.3971,7.3283,7.0856,4.7433,-0.18983,1.2326,5.6797,2.789,1.4264,0.21474,1.5681,3.6334,0.64735,-2.2008,1.2847,4.0158,0.26375,7.7699,13.158,13.021,10.722,5.9971,-2.6182,-8.3644,-9.1797,-3.7331,0.55653,-3.3845,-7.7644,-6.3615,-3.6364,-2.0317,-3.7076,-5.7504,-4.1718,7.3181,10.198,6.1016,4.4892,3.0329,0.65314,-0.27558,-9.7495,-36.654,-32.757,5.3623,3.2983,-0.10067,-2.5557,1.9794,6.7815,6.9071,2.9236,3.9209,5.6268,1.3873,-2.5062,-1.965,-4.6239,-6.2814,-6.3683,-5.1515,-1.9532,0.56265,0.15978,-0.89036,-1.4687,-2.9549,-4.381,-5.5776,-6.1204,-3.7521,-3.9221,-4.1436,-4.1436,-4.2968,-4.2737,0.37533,3.3193,7.8151,9.0605,4.8108,0.98629,-1.6976,-1.3663,1.0781,0.60651,-0.29527,-1.4955,-1.844,1.1218,3.7158,2.3217,-0.96957,-3.3661,-5.1364,-5.7958,-4.934,-4.4688,-4.6549,-5.0157,-5.7579,-7.2384,-7.496,-3.7569,2.5879,6.3123,5.5217,7.4985,8.1369,6.7938,5.9683,5.6429,4.9163,4.3888,3.0984,2.5251,-1.783,-7.7612,-9.7141,-5.5878,-3.5729,-1.6155,-0.59265,-0.28942,-0.16414,-1.5025,-1.9371,-4.7385,-2.1957,4.4069,5.152,2.5657,1.9759,3.1836,1.2142,-1.1173,0.23729,0.40344,-0.17082,-1.6592,-2.9796,2.2773,0.18699,-2.8677,0.38276,3.4774,0.24949,-5.693,-3.6125,3.5354,-0.01116,-2.3219,4.0545,4.1488,1.4031,-1.0474,-1.8953,-0.74859,-0.26689,-0.090021,-0.93625,-0.99091,-0.67911,-0.50068,-0.0050751,-0.27914,1.3722,3.2019,3.5305,4.0834
-2.5314,-2.4896,-2.4352,-2.4352,-3.0166,-5.0668,5.0484,8.564,7.6986,7.071,4.9375,5.4392,6.5633,6.9216,7.0856,6.9875,5.1292,0.038064,-7.1847,-9.582,-6.1448,-4.7557,-5.125,-3.8593,-2.9518,-3.4702,-3.678,-2.5343,-2.1307,-3.5342,-3.8228,-3.5208,-5.227,-8.0985,-10.961,-7.7067,-3.9959,-3.7001,0.25204,-2.7294,-6.2666,-2.3395,5.4087,2.4012,-0.68307,-4.4351,4.8222,7.7073,4.8345,2.4465,0.46573,1.5315,4.893,6.1155,0.43542,-5.6899,-5.9434,-2.8902,3.3458,7.4915,4.4479,2.0719,2.4137,-1.5545,-6.5501,-10.757,-9.5959,-9.4945,-10.952,-7.4651,-0.1582,5.7845,12.643,12.972,-1.6436,2.6383,9.0592,7.3598,7.4959,7.9782,9.714,9.2582,3.7807,3.5519,2.2992,-0.26312,-1.0066,-1.011,-2.4263,-4.6953,-5.8217,-5.1414,-4.2494,-2.9445,-1.9525,-1.7525,-1.7098,-1.9087,-3.0762,-3.6275,-1.206,-1.376,-1.5975,-1.5975,-1.7507,-1.7276,0.78587,3.7256,8.6758,7.8622,2.696,-0.066013,1.3073,4.2049,5.3326,3.9423,3.8649,3.6477,3.3294,6.1959,6.8388,5.2366,5.2131,2.168,-1.6321,-1.641,-2.837,-3.6974,-0.68562,2.514,3.6791,3.8296,5.1401,6.4082,4.731,0.93567,-2.2799,-3.3055,-2.3376,-3.162,-3.244,-1.3284,-1.3139,-2.6261,-3.7726,-4.3459,-4.327,-3.0775,-1.9802,-0.71013,-0.53419,-2.581,-2.6052,-2.4056,-2.3117,-0.79231,1.1286,3.8922,4.4616,3.3665,3.554,1.2347,0.97752,0.44832,2.6763,2.4376,1.5462,0.61974,-2.4011,-5.3325,-7.2109,-6.4683,-7.6212,-10.333,-5.1928,2.6125,8.2486,8.7877,5.3552,2.1195,1.2272,5.1442,6.9092,3.5639,2.4094,3.166,2.2153,0.26408,0.21464,1.6412,2.8493,2.2743,0.86856,0.66235,0.29828,-0.99473,-1.408,-2.0805,-3.0425,-3.1407
2.7942,2.836,2.8904,2.8904,2.3091,0.25882,4.1811,5.9346,6.2161,5.9325,3.745,0.98185,-0.50671,-0.61479,2.6035,5.7974,3.9072,1.7446,3.2803,5.3006,2.0436,-1.8449,-1.496,-3.0238,-4.1464,-4.3526,-4.61,-2.6749,-1.4342,-3.9921,-5.203,-4.7985,-5.8729,-8.2568,-10.764,-7.0805,-2.9203,-2.4713,1.791,-1.1905,-4.7277,-1.2899,3.158,0.15046,-2.9338,-0.96706,-2.452,-6.2305,-4.664,-1.9592,0.62011,4.9965,6.4998,4.7342,4.7584,11.596,17.555,-1.2467,-11.545,-8.0716,-5.7908,2.0083,0.62627,1.3405,-2.8834,-8.2532,-2.8539,1.7251,-2.9639,-5.5983,1.151,8.8469,10.989,5.1715,-6.8126,-13.63,-2.4824,5.6594,7.7588,11.67,8.473,-0.59637,-0.010022,1.7483,2.6205,1.5636,-0.26088,-0.73984,-0.72193,1.5071,4.3252,5.6088,4.5121,2.5201,-0.26187,-2.2015,-2.2754,-2.8074,-4.1369,-4.6372,-4.5203,-4.6903,-4.9118,-4.9118,-5.065,-5.0419,-5.747,-6.4268,-0.062135,3.0188,-0.25805,-1.9558,-3.1562,-3.4401,0.49593,2.1525,2.466,2.6644,-1.2556,-4.1626,2.4535,17.788,21.523,9.8883,0.46665,-0.052441,0.018562,-4.5263,-4.3996,4.542,11.401,13.464,12.903,10.811,8.6648,5.143,1.7057,0.50933,1.0923,0.26781,0.18587,2.6944,3.4971,2.1849,1.0384,1.2269,0.38703,-1.9842,0.96887,2.5695,-2.315,-6.7279,-6.1522,-3.3431,-2.8447,-4.582,-3.3117,-6.0901,-27.408,-26.486,-11.78,1.6391,1.7249,2.2633,3.5752,3.3527,6.7173,8.2218,5.9668,3.3611,0.85986,0.6343,-2.2249,-7.7289,-3.5268,1.8695,-8.2731,-6.6556,-0.16864,7.1173,3.7126,-3.7902,1.1417,1.111,1.8665,3.3639,2.193,-0.090481,-1.1276,-0.77955,-0.73835,-2.3931,-2.6598,-1.4576,0.7265,2.5723,3.217,4.94,6.262,6.7796
-7.8226,-7.7808,-7.7263,-7.7263,-8.3077,-10.143,-13.297,-14.379,-3.4932,2.3566,2.6283,1.2612,1.0017,0.50281,-0.79741,1.0177,6.529,12.783,16.133,12.323,5.2928,1.4505,0.24958,-0.49755,-1.0251,-0.85816,-1.9379,-3.3358,-3.928,-3.9383,-3.9709,-5.4675,-0.90994,4.0074,0.38913,-1.299,-3.3921,-3.5699,-1.3148,-4.2963,-5.6668,-5.6331,-8.8228,-12.415,-11.23,-6.1632,-4.6587,-0.42786,4.2599,5.8483,5.3031,1.9375,-3.5067,-4.5599,0.25828,5.1459,4.6491,3.4963,-0.0077493,1.7664,5.3892,-0.29064,-5.827,-7.4309,-7.1109,-7.6992,-3.6191,2.0341,2.2988,1.7345,7.2034,14.675,15.98,5.6436,-8.431,1.2882,3.6196,-0.37901,0.12348,4.0338,1.1031,-4.7627,0.58337,3.3047,2.4344,2.6207,4.4927,3.9015,2.9375,1.7722,0.81389,1.6386,2.8106,1.7829,0.27087,-0.41854,-1.2982,-2.3694,-3.9318,-4.638,1.0609,0.89095,0.66946,0.66946,0.51626,0.39843,-5.7334,-9.6689,-8.5466,-0.2611,5.336,5.1753,3.1963,1.0932,1.0929,2.9528,3.6197,3.8288,1.8407,-3.1808,-3.0035,1.4337,5.136,6.6718,6.6262,5.3179,2.2126,0.68155,1.5863,-0.73431,-3.4878,-2.57,-2.1546,-2.9577,-4.3454,-5.2898,-4.4228,-4.9831,-6.8448,-7.6692,-5.3209,-2.8286,-2.7138,-3.4426,-2.7237,-1.5337,3.1769,4.1232,0.15232,-2.0031,0.62701,1.5649,-1.31,-0.78272,0.40004,0.55573,2.5515,5.8023,8.4786,5.7257,0.079763,-2.8156,-3.1582,-0.71111,2.9339,2.2541,-5.4529,-12.111,-1.7361,0.14593,-8.3959,-8.4564,-4.9441,-2.9915,1.9865,-0.23501,2.1852,5.2051,5.2148,7.9813,4.7593,-2.6062,0.5574,1.4942,1.9373,2.0453,-0.10052,-1.0659,-2.0696,-2.4088,-2.5553,-1.3453,-0.27674,0.4869,1.4781,1.3251,1.1624,1.2964,2.2607,3.1587
-7.4832,-7.4414,-7.387,-7.387,-7.9683,-9.7508,-5.1098,-1.7192,-2.0942,1.3335,3.9077,3.6672,3.2701,1.5951,-0.21958,1.8086,6.1247,8.5883,10.933,8.2228,3.3318,0.51141,0.79365,2.8422,2.8247,1.9168,1.8865,1.2579,0.30034,-0.88257,2.2532,7.3839,6.9889,3.6407,2.1759,0.97499,0.026053,-0.55344,-2.7114,-3.084,-4.0623,-6.3685,-9.2167,-7.4448,-3.5627,-2.743,2.379,6.6203,6.4114,5.4928,4.2039,2.1999,-0.8059,-5.145,-7.5135,-7.2845,-0.88538,8.6684,12.309,5.0225,0.46479,-4.0662,-9.97,-13.951,-11.827,2.39,10.373,8.9126,0.15382,-2.3398,-0.40535,-3.2754,-11.411,-20.335,-20.408,-0.78314,-2.2143,-1.3226,2.052,1.1776,-1.4275,-4.1394,-3.9859,-1.7312,0.39988,-0.45727,-2.4479,-2.4455,-1.5316,-0.59913,-0.13527,-0.08741,-0.24751,-0.54975,-0.28304,0.42134,0.79675,0.21829,-1.5716,-2.2327,6.483,6.313,6.0916,6.0916,5.9384,5.7474,-2.4468,-4.6446,-8.2563,-7.6914,1.8729,9.5054,6.7795,2.1875,2.197,5.1798,5.1552,0.9299,-1.2565,-3.3571,-3.9787,-0.70933,-0.93213,-5.1895,-6.8852,-4.3406,-2.3589,-0.62622,3.081,4.8462,3.8731,-0.25755,-5.2861,-8.0404,-9.1987,-7.5326,-6.5577,-7.6474,-7.1,-3.433,-1.564,-2.5118,-3.2385,-2.3132,-1.834,4.8934,5.9049,-0.34503,-2.0704,0.7692,0.69566,-0.062173,0.051938,-1.2288,-1.1012,-0.93307,-0.28794,4.0742,11.146,8.5169,-1.6602,-9.5416,-8.7959,-3.8679,0.46452,-0.45173,-2.3716,-0.26312,3.4953,1.7023,2.7003,3.569,-1.6594,-5.5614,1.1876,1.027,2.7912,-3.7123,-4.3818,3.1434,6.3392,2.024,-0.72437,0.773,0.63016,-3.0155,-6.4575,-4.1148,0.18904,-0.49453,-1.0411,-0.43663,0.17403,0.19271,0.231,-0.52929,-1.5808,-0.87235,0.88794,1.6515
11.07,9.8891,8.3504,8.3504,13.051,14.992,7.285,8.0362,-1.2285,-4.9942,-3.3382,-6.3748,-9.4195,-10.305,-8.7993,-6.0424,-4.6636,-7.5239,-9.8337,-4.3727,-0.038075,0.45627,-0.81655,0.45654,2.7802,2.0967,1.7543,1.5539,1.2438,0.66062,0.26063,0.90549,-0.56655,1.2315,5.4693,5.5239,4.0083,3.6219,6.862,4.9651,1.428,2.0212,5.227,4.6971,1.922,-1.3275,-5.4977,-4.7005,-4.9869,-5.7115,-2.357,-2.0565,-2.9588,-1.3969,-0.78004,-5.7159,-7.3271,-2.8797,-3.708,0.20695,6.927,4.9698,3.4087,4.9786,2.0635,6.334,9.8531,8.4075,9.2885,1.9295,-10.093,-11.869,-20.313,-16.851,6.1201,2.4219,2.4633,3.6414,1.6709,3.4052,3.1721,-0.87115,-3.8245,-4.5082,-0.1289,1.848,1.0596,2.1532,3.9603,4.7321,5.5891,6.7077,7.1483,7.4922,8.5813,9.8348,10.727,11.082,10.215,9.8717,-12.481,-8.84,-4.0944,-4.0944,-0.67533,3.657,5.7276,4.9965,0.74193,-4.5417,-10.287,-10.729,-7.668,-4.5191,-1.9305,0.28261,1.1186,1.4555,4.1048,3.6868,-3.4929,-9.0799,-7.3952,-3.0781,-0.1245,0.94144,2.0231,1.2908,-0.094765,-0.49892,-1.954,-5.8101,-7.0402,-3.5647,2.4245,3.317,1.4047,3.3521,4.0118,1.1514,1.0694,1.4803,0.99143,0.346,0.019419,-0.64183,-2.1918,0.54248,2.9989,0.28298,-1.7965,1.4635,3.7695,3.2622,3.441,4.3918,4.0703,3.77,3.2969,3.7058,5.8401,4.6015,1.9699,-1.1454,-4.0441,-4.5592,-2.3018,-0.37054,-1.0248,-0.81727,0.36652,0.42131,1.4857,2.8645,1.4135,0.90572,-6.363,-8.1331,-4.9909,0.28895,6.0188,2.8765,-1.8911,-1.8818,-1.4285,-1.1879,0.92522,1.7571,0.31449,0.094074,-0.24535,-1.8686,-3.4222,-4.3604,-3.4086,-2.6625,-4.6067,-6.5804,-8.3089,-8.8448
-9.3351,-9.2934,-9.2389,-9.2389,-9.8203,-11.693,-17.289,-19.148,-5.3242,2.6845,5.636,3.9748,3.7498,3.7718,7.2089,10.225,9.5839,10.952,9.7787,4.852,0.0044909,-2.7573,-3.0843,-2.9726,-2.9494,-1.249,-0.10701,-1.061,-1.0639,-1.1901,-2.8104,-3.9133,-5.3501,-4.0059,-2.4944,-5.3962,-9.0028,-8.6012,-5.5073,-7.0686,-7.5118,-8.4434,-11.218,-10.038,-8.1968,-12.582,-17.408,-14.329,-5.9212,2.1455,6.4777,7.191,4.1132,-1.4464,-2.7553,0.25528,2.5343,1.8255,4.3172,6.6432,2.7927,-5.1962,-8.6751,-9.4692,-10.308,-9.2522,-4.8274,0.65793,2.246,1.4975,0.95759,1.9465,4.0766,3.2208,-2.6789,3.7917,9.0047,7.0866,7.2567,8.0278,9.3973,9.4448,4.0538,3.4233,1.8861,0.51694,4.325,2.3207,-0.59937,-2.7973,-4.3477,-3.6072,-3.2987,-3.1265,-2.8068,-2.8701,-1.6359,-0.53879,-1.9535,-2.6342,3.0695,2.8995,2.6781,2.6781,2.5249,2.5017,-0.13408,-2.9152,-2.1428,1.2138,3.5601,4.9033,1.6816,-0.95809,3.3776,9.8208,8.2307,1.9332,-2.6236,-2.9512,0.021323,5.4828,8.6688,3.5074,-2.4582,-5.6367,-6.7681,-4.5791,-0.91228,1.7024,3.8984,5.2969,3.9916,1.215,0.45656,1.0848,1.5752,-0.66455,-2.978,-1.9315,-1.7403,-3.5001,-4.1683,-2.5989,-1.432,0.24191,1.3694,-0.38476,1.1198,0.88507,-3.9738,-7.5392,-3.7523,0.024179,0.15476,0.39942,1.1821,3.3473,9.2154,12.687,6.9566,-0.23571,-0.1748,2.0514,4.3573,2.7009,-0.82213,-4.3389,-4.9139,-5.4181,-6.8294,-5.8208,-2.716,-0.60818,2.5806,6.8573,7.0872,1.8165,1.0011,2.0848,0.25059,0.80254,-1.1767,-3.6495,1.7786,7.6341,4.1895,2.596,3.5878,5.0105,6.5159,5.9331,2.4172,-0.54751,-1.7056,-2.8,-3.5581,-4.672,-5.3266,-5.2492
-6.003,-5.9613,-5.9068,-5.9068,-6.4882,3.3207,6.5074,1.7851,4.4286,5.1819,4.2766,2.8119,1.7676,1.7442,1.3364,0.89491,0.36259,-0.1818,-1.4139,-2.8598,-1.1561,-0.52574,-0.31157,1.3334,1.3464,0.18309,-0.65439,-1.1541,2.778,8.7084,9.7503,9.523,6.9821,2.0518,0.37592,0.34251,0.8773,3.834,0.846,-2.1355,0.44922,5.1925,2.3443,-0.66316,-3.7474,1.2433,0.66363,-3.8295,-5.7758,-5.6968,-2.9097,2.0397,5.2543,4.7653,0.54838,-10.314,-13.846,-6.3383,0.29238,0.90529,-1.6536,-5.5896,-2.9003,3.4094,5.2532,3.176,-0.23706,2.2798,10.011,7.4438,-3.768,-9.7425,-23.918,-25.404,-3.4464,1.226,2.0381,0.63098,1.3044,5.7927,2.9975,-2.8631,-0.81114,2.1854,3.5079,2.8813,3.9879,3.388,2.8349,1.9545,0.69341,-0.21343,-0.80748,-1.6113,-1.6098,-0.66689,0.53062,0.741,-0.75476,-1.343,-1.2908,-1.4607,-1.6822,-1.6822,-1.8354,-3.1101,2.523,3.4437,12.322,13.058,7.2786,3.3329,0.14909,-1.228,-1.6158,-3.0052,-2.0693,-1.5074,-1.2979,1.0304,1.1502,0.085576,-1.7089,-5.6494,-6.0838,-3.4332,-1.6452,0.21933,-0.81823,-5.4378,-8.1445,-9.9202,-11.196,-11.669,-8.3916,-4.8801,-3.4995,0.81857,-0.42203,-1.2465,1.3341,2.5969,1.8703,0.55804,-0.58847,2.7361,4.4058,4.8822,4.7767,1.7291,0.0070644,-1.4792,-0.62254,0.33339,0.057603,3.5328,4.4537,6.7153,8.285,-0.18588,-3.7457,-1.8892,2.8043,3.146,-0.58332,-1.7882,-0.14381,1.5774,1.1315,0.24312,2.1432,3.0135,2.4368,1.2204,5.4831,7.4782,2.871,-3.4271,-3.2436,1.5203,0.49442,-4.0922,-4.052,-2.7709,0.10406,0.26208,-1.9185,-2.698,-3.7819,-4.2293,-4.2283,-2.6441,-0.98271,-0.30771,0.15801,-0.88461,-3.1244,-4.6338,-5.2477,-5.3734
-4.2574,-4.2156,-4.1612,-4.1612,-4.7426,-6.5513,-7.5381,-7.2473,-2.4434,0.075027,2.9335,3.7474,1.1048,0.60589,3.691,6.4014,10.472,15.845,14.155,7.8865,2.5318,-0.043821,-1.0462,-1.0707,-0.27434,-0.059939,-0.46212,-0.90774,-1.5929,-3.173,-2.6504,-0.51018,1.9446,2.954,-0.37576,0.054098,0.48669,-3.0079,-2.2382,-2.9985,-6.5356,-6.0872,-3.6719,-6.385,-9.1251,-4.4705,-1.1962,-0.53514,0.85979,1.9417,4.6519,5.3535,-0.98012,-9.8316,-8.7526,-2.5503,-2.0095,-2.0921,-2.0842,0.95716,3.7032,-3.0402,-8.8689,-8.028,3.5957,6.3415,3.7528,4.3598,11.403,9.9671,0.32563,-4.5921,-6.7881,-16.166,-21.105,-8.1822,-2.347,1.715,1.2058,0.94288,3.5237,2.6785,0.43195,2.3548,2.6975,1.126,0.030733,-0.59273,-0.74592,0.22967,1.8243,3.5808,4.6507,4.3025,4.0443,4.3091,4.2412,2.984,0.53369,-0.38078,-3.8359,-4.0059,-4.2274,-4.2274,-4.3806,-4.3885,-7.9917,-10.274,-4.4514,3.9935,4.7212,2.5061,1.0327,0.10596,1.4626,5.5041,7.4241,3.6093,-2.7029,-5.1281,-4.1243,-2.6367,-0.33118,-0.19341,-3.7224,-6.5327,-4.0416,3.4866,11.901,14.164,9.9274,4.1171,-0.26379,-4.1614,-7.1136,-7.8617,-8.3353,-5.37,-2.7889,-4.786,-4.8679,-2.1247,0.46824,1.8697,2.8416,2.5366,4.2926,4.6528,1.6901,3.3403,4.7076,2.7384,-0.45955,-2.186,-0.044965,0.96759,0.99382,4.2215,10.348,8.8416,-0.37496,-5.4467,-5.5991,-2.2965,0.2339,0.7874,1.4287,0.18238,-0.48489,0.46019,1.411,3.0133,2.7674,1.1265,5.8018,8.7233,0.31265,-8.9597,-12.189,-3.0774,2.3145,-0.17842,1.4249,1.4592,1.8751,2.4878,0.82213,-1.4682,-2.4569,-3.4163,-4.1839,-5.4733,-7.3109,-7.7586,-6.7855,-6.358,-7.2796,-7.2633,-6.8194,-6.5404
-10.443,-10.402,-10.347,-10.347,-10.929,-12.81,-19.402,-22.002,-5.2834,3.1678,6.2903,4.673,3.7871,2.7008,1.2089,2.8116,7.5142,10.917,10.862,7.8382,4.3617,2.1586,0.9821,1.0467,-0.029159,-2.0379,-2.3098,-3.6084,-5.5923,-4.2809,-3.5453,-4.6741,-6.2832,-9.159,-6.6144,-3.3082,-7.6944,-12.39,-14.315,-10.354,-5.8551,-8.8411,-10.29,-7.8343,-6.5018,-10.793,-15.171,-9.9568,-0.27665,6.3072,7.7663,5.5996,8.7368,10.126,5.1115,1.3294,1.2969,2.7795,2.2599,-3.6568,-5.8683,-8.9781,-12.588,-8.0468,-3.1243,-0.68057,1.78,4.5326,2.2454,-7.1933,-8.3049,0.60658,8.883,4.973,-6.6592,3.3625,9.5127,8.0863,8.2558,9.9595,13.593,12.84,4.0359,3.1233,2.8457,2.9086,3.66,1.8052,-0.59467,-2.8199,-3.614,-1.3952,1.2558,1.9296,1.9459,1.5082,0.60781,-1.1314,-3.3926,-4.1981,6.8691,6.6992,6.4777,6.4777,6.3245,6.2786,4.101,1.1793,-0.91093,0.63947,3.1548,5.0757,3.3814,0.86866,2.2005,5.3405,5.3021,1.1666,-3.6058,-5.423,-4.2263,-1.9102,0.43092,0.159,-1.1693,1.5701,7.9245,8.403,2.1077,0.65861,3.848,5.3604,5.4925,3.9065,0.019223,-4.1085,-7.2464,-9.9163,-9.3523,-8.3309,-8.6544,-8.9798,-8.1576,-4.8388,-3.7624,-1.5947,-0.24884,-2.9883,-4.1062,-5.1902,-8.4773,-4.5345,-0.60975,-2.7771,-3.2982,-1.5478,0.13517,3.5125,8.5162,3.296,-6.1146,-7.9708,-2.1997,4.3978,4.8959,2.1559,-1.7877,-3.5486,-2.6254,-4.1032,-4.9946,-4.2597,-2.6737,-1.036,3.4394,3.0855,4.8497,3.2507,2.1937,13.389,21.107,15.536,6.5313,2.2919,1.8758,0.63441,-1.5366,-1.9923,-2.1567,-1.513,-1.3062,-1.6858,-2.747,-3.7858,-3.7346,-3.3513,-2.5696,-0.27618,1.7895,2.6293
-7.2933,-7.2516,-7.1971,-7.1971,-7.7785,0.52524,3.331,-1.3913,10.341,14.179,13.311,9.1259,5.5452,7.3124,7.0005,1.0456,-3.5213,-2.3303,-2.0696,-2.0097,-4.4178,-6.1514,-6.1671,-4.9927,-3.6915,-4.0562,-3.9015,-3.5109,-3.3017,-4.2012,-5.3791,-5.4272,-1.6012,0.9306,-2.6195,-1.0527,1.2213,-3.4971,-1.9348,1.1952,-2.342,-5.328,-1.4953,2.3834,-0.70087,-4.453,-3.0584,-1.7466,-1.6102,-0.37416,1.2532,-1.3287,-4.9802,-7.5309,-4.8776,1.3811,2.9064,-0.45865,-4.4175,-5.7262,-9.8303,-7.3202,1.791,-1.0512,-4.5498,-7.8116,-4.9261,-0.29664,-3.3224,-10.863,-11.21,-3.65,0.42768,4.1009,10.227,4.8843,7.7327,11.374,16.95,17.884,15.993,16.549,11.073,10.079,4.1698,-3.4586,-0.53906,-1.3626,-1.6775,-2.1253,-3.7061,-4.5013,-6.095,-6.8564,-9.1085,-10.992,-10.534,-10.176,-10.874,-11.106,-1.9568,-2.1267,-2.3482,-2.3482,-2.5014,-5.5772,-2.9501,-2.0294,10.686,14.529,11.309,6.555,9.9458,17.817,13.545,2.0618,-2.8429,-3.7981,-3.7613,-2.7987,-4.8479,-8.2044,-7.944,-4.4196,-1.1488,-1.7901,-4.295,-7.344,-8.4896,-6.4879,-5.2856,-7.4638,-5.9301,-1.0827,-1.3851,-0.38883,0.8963,-1.3079,0.70893,3.382,3.3001,2.9747,4.2887,3.7309,2.5844,2.0111,3.4104,3.1209,2.5137,1.5847,-3.1283,-2.0607,0.13205,-0.39658,0.48792,0.52111,1.4315,1.0344,-4.602,-12.022,-8.047,0.060312,2.839,2.0559,3.5044,2.4967,1.5026,-0.57744,0.14691,0.44344,-0.53348,-1.5421,-1.6385,0.32044,-1.3725,-0.27949,1.0837,5.4285,-0.3708,-0.70906,8.7005,8.1057,2.3308,-1.8241,0.69308,5.0288,2.1077,2.3697,4.3107,3.079,2.8409,4.2446,6.727,8.6519,7.985,7.3793,8.3144,7.8153,5.5488,4.1659
11.916,11.957,12.012,12.012,11.43,9.3802,1.5785,-3.1438,-17.962,-28.021,-30.363,-30.903,-30.318,-8.896,-0.80944,-5.246,-5.7143,-7.4718,-9.5777,-7.1669,-2.6244,0.81784,2.5041,2.5898,1.3202,3.1894,5.7376,5.3041,5.5348,6.6956,4.9641,0.28277,-0.96877,1.6273,2.1569,0.46323,1.1799,4.1931,6.7116,5.2939,2.8136,5.1164,7.0252,4.0177,1.2389,-2.5078,-9.161,-13.372,-12.613,-13.601,-20.994,-18.909,-10.252,-2.1352,0.036986,2.0039,-1.1675,-5.7656,-3.8022,-2.6074,-4.8195,-4.5649,2.1552,4.8069,1.2215,-1.1275,-3.5219,-7.054,-5.8725,3.5097,10.634,4.9369,-0.59209,9.9983,13.323,2.2374,1.1081,1.5369,1.0612,2.6369,5.0437,4.473,0.32661,3.6127,4.3234,5.0973,12.47,15.24,15.915,15.361,14.771,16.273,16.65,17.187,18.412,19.624,21.872,24.893,25.324,24.981,2.8873,2.7174,2.4959,2.4959,2.3427,2.3658,4.3145,5.2352,0.98379,-1.973,0.37204,7.8591,15.429,4.0245,-3.6711,-4.5632,-4.4605,-2.8888,1.2146,2.051,-1.4924,-5.2714,-7.9074,-8.7263,-8.4374,-8.3559,-8.7383,-8.9482,-8.8103,-10.839,-9.4753,-2.4132,4.0062,5.9973,4.0351,4.275,3.1235,2.3056,4.5526,2.4058,0.41326,1.0067,0.26321,-1.049,-1.3607,-1.0753,-2.1023,-4.3833,-4.401,-6.2093,-5.3733,-3.3879,-1.8203,2.8881,3.2501,1.3183,1.0559,-4.3389,-6.671,-4.4164,-3.1529,-1.0019,1.4834,-0.19785,-1.9179,1.8439,4.8798,1.7394,1.9801,4.585,3.9937,0.64685,-3.0208,-1.0177,-4.6661,-1.2271,-1.3408,-4.8873,-6.1127,-1.6036,1.0038,0.55337,-0.22409,1.0199,7.4731,13.16,9.6204,5.5793,2.9871,3.2661,3.9608,1.9026,-0.099627,-1.3715,-3.3492,-5.8051,-7.8664,-9.9771,-11.726,-12.262
14.366,14.408,14.462,14.462,13.881,11.831,4.0289,-0.69336,2.2269,5.8705,9.1634,8.9271,6.3359,5.9504,4.3942,2.0106,-3.4909,-15.229,-17.889,-9.0205,2.1223,9.5978,10.076,6.3054,3.5984,3.4975,5.1778,7.3068,8.0455,6.7973,7.6711,8.9732,5.6528,2.2276,5.9924,11.508,12.861,12.684,10.101,7.5672,6.5577,9.1256,8.9703,5.9628,4.4477,2.2195,-3.4358,-6.6082,-10.046,-14.549,-17.696,-18.622,-14.771,-13.291,-16.442,-18.539,-14.495,-11.383,-12.025,-8.1984,-2.7782,10.56,9.7307,3.2238,-3.4353,-11.358,-16.044,-19.36,-21.949,-22.567,-16.023,-12.778,-13.49,-11.803,3.0638,7.7002,4.4576,5.5599,5.1364,3.8116,2.3732,4.6789,5.3628,-0.82079,-7.8642,-5.5013,-2.0001,-0.17651,1.3589,3.2151,4.8703,4.3702,3.043,1.7113,1.4723,3.2771,5.3379,6.9102,46.051,60.232,11.381,11.211,10.989,10.989,10.836,10.859,12.808,13.728,-4.9813,-11.302,-4.0474,-0.99079,-2.1495,0.051751,1.7586,1.7521,-0.78293,0.47832,5.5381,3.3713,-3.9339,-10.332,-11.717,-8.1386,-5.9212,-8.4986,-14.17,-18.866,-18.885,-15.414,-9.6273,-5.039,-3.1153,3.0373,5.069,2.6022,5.0986,5.7674,3.1268,0.7538,1.0675,0.78621,-0.27375,-1.586,0.23997,2.2841,1.2536,1.4504,1.654,3.6043,2.6046,-3.3816,-4.449,-1.9151,0.036976,-0.4194,-2.5475,-3.2787,-16.052,-19.218,-7.2212,2.0113,-0.22807,-2.0486,1.9693,5.7516,2.2107,4.0006,4.2408,1.2051,5.0184,5.3486,0.83538,2.3662,5.2269,1.2347,4.4904,13.87,22.619,15.877,3.1755,1.2712,-1.1863,1.1183,4.9297,3.2687,0.58096,-1.78,-0.77071,0.46504,-0.96904,-1.417,-1.4154,-0.79808,-1.7218,-5.0258,-8.0984,-11.016,13.85,30.309
14.639,14.681,14.735,14.735,14.154,12.103,12.84,14.81,6.9808,14.58,22.35,16.074,8.2094,6.4534,4.5698,0.94605,-1.0604,-3.2808,-7.3831,-6.7306,-2.7258,-0.76369,-0.48072,-0.46971,-0.00382,0.49417,-0.029471,-0.67636,-0.67627,0.49189,3.0693,3.6487,-1.3649,-0.59222,4.0934,1.9349,1.7276,4.4473,4.6034,4.9024,7.5678,7.0571,4.3437,1.6638,3.0666,3.1468,-0.3357,-5.4394,-7.7186,-9.8549,-17.995,-17.937,-9.9252,-1.9033,-0.03509,-2.3392,-4.0865,-3.0579,0.92282,2.5675,2.0683,2.8772,5.5079,8.2854,2.794,-5.3806,-13.103,-14.67,-8.5471,-0.74303,1.982,-1.7972,-1.1894,7.8782,12.927,3.7808,1.5223,5.0716,5.3497,2.5472,-2.034,-0.73005,4.6753,5.9347,0.51442,-8.6225,-8.0809,-3.3952,0.49706,2.3796,2.2464,0.96199,-0.40168,-1.5388,-7.7468,-13.327,-13.962,-14.236,-15.267,-15.303,4.6881,4.5181,4.2967,4.2967,4.1434,4.1665,5.8501,6.6374,4.0287,6.0561,7.5533,7.1094,4.282,2.1454,0.89545,-2.0895,-2.1271,-0.5983,1.8428,4.986,4.3589,1.099,-0.96686,-0.82537,-1.4663,-2.6944,-1.8316,0.84134,1.2321,-3.0877,-9.7268,-12.549,-8.0323,-2.487,2.7513,3.6362,6.5095,6.2842,0.99569,1.4336,2.6884,2.5328,2.7346,2.2722,0.17323,-1.6815,0.47437,2.3693,-0.054637,-3.5245,0.51934,2.433,2.6509,-0.44989,-6.404,-6.2614,-8.6161,-10.941,-5.7904,2.17,6.447,7.3385,4.8468,-1.4013,-3.9632,1.0383,8.5466,6.6098,1.1248,-1.3802,-1.9021,-2.9183,-4.1832,-2.013,-4.8257,-1.039,2.4557,7.2999,11.235,5.1494,0.96663,6.0442,9.216,8.3096,5.5453,3.8766,1.307,-1.5958,-3.5597,-4.8086,-4.4375,-3.4095,-3.2808,-2.6322,-2.7727,-2.1522,-0.66754,1.3863,6.6833,10.005
-3.4053,-3.3635,-3.3091,-3.3091,-3.8904,-5.9407,6.7558,9.5465,7.2146,6.2536,4.4324,5.4629,5.8203,4.3793,5.2828,7.0341,3.4281,-2.2421,-1.2267,-1.5413,-2.2325,-0.12703,-0.17317,-1.5425,-1.0548,-1.1912,-0.95964,-0.059049,-0.74691,-1.9102,1.0923,5.2883,3.8398,0.88432,0.72628,0.89676,0.28883,0.53105,-2.4569,-0.35261,3.2532,0.26718,-2.5809,-5.5884,-4.3194,-4.3626,-10.301,-14.08,-10.108,-4.1807,1.1269,1.1581,-1.5987,-4.1751,-3.7346,-0.96433,-3.0669,-5.1908,-2.9299,-1.0993,1.7383,2.9093,-0.40944,-1.3083,-5.7538,-11.862,-11.998,-4.0323,3.4117,-0.90501,-6.9781,-10.202,-13.736,-2.7763,12.844,3.9251,0.85357,3.2155,3.5257,2.7743,5.6923,7.1037,3.748,1.9521,-2.923,-4.7536,-3.7396,-0.94587,2.8168,5.356,4.8361,1.9789,0.48149,1.0383,0.46385,-0.38977,-0.8937,-1.5736,-2.8258,-3.3299,2.1364,1.9665,1.745,1.745,1.5918,1.6148,6.6711,9.7336,12.625,10.94,5.6902,3.0107,2.0621,1.602,3.9484,5.3078,1.3337,-2.1314,-3.1355,-0.96701,1.9248,-0.32353,-2.5826,-2.8533,-5.4154,-6.6794,-2.2489,1.7827,3.024,4.0503,5.2247,5.4122,3.922,2.091,1.2529,0.26353,0.168,1.6293,0.38871,1.0753,2.4893,2.164,1.4373,0.12509,0.80742,1.4342,0.24503,-2.1262,0.53449,1.016,-4.9801,-4.6652,-2.518,-3.1523,-2.8711,-2.6734,-1.6666,-1.0544,4.2827,7.0725,4.088,3.202,2.0327,3.517,6.2729,6.9014,1.8501,-0.80481,-1.0671,-3.295,-1.1918,0.4792,-3.7536,-1.8321,-2.402,2.3745,4.6661,9.2086,11.202,0.29041,-5.6428,0.5494,3.4479,2.496,-0.53258,-3.9066,-6.7512,-4.7802,-1.5788,-3.0058,-3.4056,-1.8196,-0.81405,-1.6078,-0.50891,0.96935,1.6174,2.2592,1.9377,1.9074
-8.2108,-8.1691,-8.1146,-8.1146,-8.696,-10.522,-11.787,-10.038,-3.6307,-1.2473,-1.7368,-0.66735,0.30973,-0.92158,-0.10581,2.2982,6.2429,12.47,15.672,11.653,4.8666,-0.93612,-2.0898,-0.17565,2.0788,2.9189,1.8789,1.5605,0.86606,1.5839,4.944,7.6507,7.4328,5.1357,4.2,2.4822,0.71771,-0.20102,-2.6881,-3.8224,-5.1801,-7.4225,-10.271,-9.3686,-6.806,-10.072,-11.33,-7.9699,-6.5945,-5.9755,-5.167,-0.41866,1.7173,-1.8931,-1.7715,2.3018,4.392,3.0416,-3.4455,-5.1762,-1.7752,0.56532,-4.6656,-8.0597,-7.0864,-1.109,3.6316,3.9311,1.5653,3.0156,9.0309,10.9,8.1952,5.1109,-6.6867,-2.6731,-4.4729,-9.2351,-7.85,-3.6482,-0.81714,0.011322,0.51999,-0.24322,-0.321,-0.47927,-1.012,-0.24539,1.5056,2.2813,3.1458,3.9822,3.1172,1.5425,0.99805,2.1286,3.9031,3.4495,1.7034,1.3406,4.1577,3.9878,3.7663,3.7663,3.6131,3.5035,-2.324,-5.5506,-4.0416,-0.55236,2.7641,3.5652,3.9744,4.0762,2.5128,1.2543,3.4521,3.4643,-1.1962,-4.1077,-1.1473,-0.19828,-4.9577,-8.8341,-7.0625,-0.12803,4.2003,6.1503,6.3929,4.8951,3.1447,0.070818,-5.2222,-10.31,-13.274,-12.115,-10.162,-10.425,-9.6004,-5.2611,-2.9682,-3.8357,-4.5624,-3.1088,-1.6604,2.8144,5.6608,4.7501,3.3924,-0.025258,2.516,4.4343,3.7331,3.6784,3.3434,2.2718,2.4007,2.015,-4.622,-10.453,-12.73,-10.336,-5.9894,-1.158,2.0328,2.0277,-0.51806,-3.0863,-3.3104,3.0173,7.4379,2.6894,1.5872,1.9662,3.0759,0.52774,-8.812,-10.251,-5.2658,0.38926,3.269,0.17939,-2.4656,-1.2364,-0.66193,-3.7619,-2.4479,0.75217,-0.52732,-1.3603,-0.5926,0.10243,-0.089286,0.98343,0.61623,-0.10095,-0.97304,-1.3017,-1.2013,-1.6977
-8.9636,-8.9218,-8.8674,-8.8674,-9.4488,-11.334,-17.466,-20.325,-8.6373,-2.2821,1.938,3.4984,1.9056,0.20391,0.62641,3.757,7.0955,10.492,13.039,9.1971,4.6084,3.073,2.8399,3.345,3.9776,3.0009,1.7461,1.4489,1.2954,0.45058,-0.40785,-0.17218,-0.17441,-2.5577,-1.0471,1.2557,-1.1228,-3.2348,-4.0499,-2.694,-4.3483,-7.3343,-6.3088,-3.8372,-6.2074,-9.5017,-9.7099,-6.8541,-2.5657,2.4916,5.8538,5.3048,-1.5446,-4.4142,1.38,4.8757,2.8022,4.7366,5.3906,-1.6837,-2.8352,-3.6976,-9.0811,-13.736,-12.759,-1.4916,4.3282,5.0906,6.2964,12.948,16.321,9.4332,-4.9793,-13.496,-15.224,-2.4157,-2.6296,-1.3304,1.5914,0.64568,3.1099,3.1976,-1.0803,-1.0551,-0.15481,0.90738,2.8277,3.0203,1.8986,-0.11169,-1.41,-1.3938,0.47359,2.2427,2.4891,2.0898,1.7663,2.078,1.51,1.1501,2.1715,2.0016,1.7801,1.7801,1.6269,1.5811,-2.0179,-5.1251,-4.9662,2.7026,5.863,6.1794,5.5742,4.2185,3.8536,4.8255,6.922,5.8478,1.2787,-2.3557,-2.5321,-1.2271,-0.57511,-1.6759,-4.3499,-3.7942,-1.3511,-1.9085,-3.0249,-1.7936,-1.7067,-4.8308,-10.343,-14.84,-13.917,-8.0396,-6.142,-6.6367,-3.2925,-1.1965,-2.7748,-3.1002,-1.1925,-0.041124,1.4627,3.016,1.9318,3.3801,2.9231,-1.4489,0.78015,2.4474,-0.41709,0.91137,2.9305,3.1455,2.1659,2.9123,9.3474,6.5955,-2.2311,-7.3726,-6.5046,-2.7898,1.4077,2.3314,1.4172,-1.0406,0.064493,-3.0387,-6.9179,-2.1523,0.10247,1.6077,7.7559,6.3812,3.3543,-4.8751,-7.1916,0.068776,4.42,3.1311,1.7674,0.26192,1.3695,1.0797,-1.0861,-2.1495,-2.8346,-2.5882,-2.4423,-3.1514,-2.3351,-0.7309,-1.9737,-2.8119,-3.059,-2.6214,-2.302,-2.8099
10.797,10.839,10.893,10.893,10.312,13.7,12.295,9.6443,4.4174,7.4221,9.9668,7.0235,2.6429,0.69955,3.9115,4.8666,-0.5903,-9.3227,-13.43,-7.5667,-3.0858,-1.9314,-0.79739,-0.61268,-1.306,-1.4353,-2.507,-3.7368,-2.291,-1.4807,-2.6701,-3.0112,0.17559,2.3586,-1.3218,-3.7665,-1.4985,2.9209,6.9098,7.7812,4.7235,4.303,6.1206,5.1095,2.9734,-0.15958,-6.5367,-10.193,-12.008,-11.626,-6.1014,1.362,7.1801,5.6616,-1.7443,-5.9061,-6.2262,-4.6981,-3.7224,-4.8106,-5.4473,-0.22588,13.636,12.728,7.1649,1.6191,-5.1412,-6.0315,-0.83301,1.294,-0.9578,-2.7354,1.2286,6.8235,9.7765,9.0454,5.909,2.9665,2.1599,0.090266,-0.29276,0.81759,0.36393,-0.63188,-2.0829,-6.2644,-6.442,-3.0634,-0.61751,0.76996,-0.53414,-2.5925,-2.8203,-2.3024,-1.6751,-1.6799,-2.2874,-2.3295,-2.8242,-3.0883,-1.8595,-2.0295,-2.251,-2.251,-2.4042,-1.3947,4.356,8.1352,6.671,4.3943,1.8361,-1.4008,-4.7175,-4.4596,-0.58418,3.7571,3.1221,2.2579,6.3189,6.5828,4.3365,2.9554,1.8428,2.3615,4.7299,4.533,1.563,-1.2517,-0.91736,1.7267,2.2663,0.082328,-2.3654,-5.5086,-6.4027,-1.14,1.4057,2.2362,5.7027,4.4794,2.1406,2.204,1.6378,0.21003,1.3874,3.021,2.1501,4.7683,5.8553,1.7023,-1.0715,0.30038,1.1535,-0.52669,-0.27393,0.51414,-0.36965,-1.8279,-2.0498,-5.2956,-3.8084,2.2656,1.9147,-2.8416,-1.9944,1.424,2.2564,1.598,-0.157,-3.4877,-5.6809,-5.696,-3.5993,-0.82792,-2.5022,0.13692,3.2587,-1.8546,-6.5402,-3.5613,3.3286,3.4128,2.4796,3.2592,0.77999,-2.8093,-5.615,-3.0703,1.472,0.52247,0.16162,0.34442,-0.12615,-0.87093,0.75644,3.9038,6.5056,7.5066,5.9379,5.4875
-7.0672,-7.0254,-6.9709,-6.9709,-7.5523,1.8219,4.6078,-0.11449,5.5063,7.1223,5.6442,4.3563,1.4544,2.9016,10.355,12.635,5.1141,-2.684,3.6858,-1.9149,-6.7063,-4.884,-1.3631,0.99862,0.33509,-0.70986,-0.98625,-1.0925,-1.9541,-2.8555,-4.4038,-5.0503,-5.9102,-8.2844,-10.228,-12.788,-12.041,-10.114,-11.346,-6.782,-0.095576,-3.0816,-5.9297,-1.2892,2.4368,-1.3153,3.5074,6.1169,4.5924,3.7365,1.2677,1.9887,5.6289,5.0945,0.43729,-0.042601,1.5391,-2.922,-5.9389,-4.1321,-4.2035,-2.338,0.37496,2.2838,0.80713,3.8101,5.6011,-0.23538,-6.123,-4.2519,-2.9034,-2.2109,6.4727,9.0686,-0.47371,5.2759,9.3429,7.3576,5.1287,5.3616,6.4824,6.5113,5.5081,5.9987,4.3439,-0.56644,-0.23669,1.2103,0.48395,1.1462,-0.66031,-2.9117,-4.0619,-4.8061,-4.0672,-4.9143,-5.3157,-4.3782,-4.9788,-5.2991,0.23366,0.063702,-0.15779,-0.15779,-0.31099,-3.9661,-1.0675,-0.1468,6.8285,7.8402,4.9309,0.19108,-3.3761,-0.52765,8.1184,7.8014,6.3709,9.9908,8.6179,7.0552,9.0778,8.5913,-2.0524,-9.707,-4.8351,4.193,6.1563,5.2605,1.068,-2.1899,-0.56772,3.1122,6.962,9.807,10.733,9.2777,5.853,4.0693,5.4796,4.7045,3.572,3.2466,2.5199,3.4607,3.0315,2.4582,2.3811,1.8575,0.60549,-0.084791,-0.25622,-2.009,-4.0012,-5.7303,-5.9006,-3.2397,-1.4471,-5.681,-15.611,-15.986,-8.3877,1.5199,4.6596,4.561,3.545,0.1569,-2.5381,-2.0385,-2.619,-4.7554,-9.4768,-12.403,-9.8373,-7.1905,-4.0617,-5.509,-3.7386,-0.81979,2.6997,1.0282,-0.45435,1.3181,-0.22847,-2.1268,-0.20235,4.2734,5.2645,2.9027,2.1599,1.4013,2.8462,5.1726,6.5134,7.8637,6.4046,3.6217,0.61996,-2.202,-4.1593,-4.6296
10.576,10.618,10.672,10.672,10.091,8.0404,8.7811,10.531,2.4247,-1.1011,-1.9721,-3.1265,-2.5311,-2.7996,-4.6139,-5.2077,-4.8276,-7.1151,-9.2538,-5.4642,-0.080762,1.5407,1.7011,2.4068,2.0547,2.6452,3.5483,3.3392,3.5135,3.6926,4.0358,3.7791,5.3318,6.4138,4.5677,6.5373,8.9291,9.2184,8.8232,6.581,6.3232,8.1618,6.7309,4.457,2.9005,0.60602,-3.8731,-9.4672,-13.266,-11.936,-7.1163,-1.1202,1.7281,-3.8722,-12.158,-12.192,-5.6872,-2.1353,-2.4413,-0.84598,2.4612,10.678,10.703,4.0661,-5.3918,-12.368,-14.491,-10.078,-0.86976,1.1722,-5.5991,-9.0633,0.45387,8.303,5.0928,-2.4735,-1.1999,0.67624,-1.9805,-3.215,-2.6608,-1.8022,-2.0862,-0.44313,-1.1378,-2.6294,-3.3254,-2.2067,-0.056844,1.3055,2.378,4.2411,5.7668,6.3483,8.3997,10.961,11.583,11.437,10.339,9.9956,0.31305,0.14309,-0.078397,-0.078397,-0.2316,-0.20855,2.096,3.9657,-0.38044,-7.49,-8.7141,-2.7563,2.2768,2.8831,1.022,0.087961,2.1901,4.7254,8.4272,11.117,9.8458,5.2697,1.1172,-0.38983,-0.66988,-0.48824,-0.6711,-1.2611,-0.9722,-0.85862,-3.4288,-5.035,-2.1943,2.0948,5.3752,5.4336,3.9801,5.385,3.4521,0.6189,1.0736,0.81928,-0.036744,0.73375,1.2388,0.31811,3.2252,5.3532,2.9923,1.8892,2.2107,0.64818,-3.4292,-6.6465,-5.9567,-5.7314,-6.4691,-7.316,-11.466,-8.2075,-2.051,1.7221,-0.75717,-3.1551,-0.7404,7.096,8.3411,0.2906,-5.751,-6.1502,-3.8564,-3.1636,-3.4339,-2.6374,-0.99698,3.6906,10.012,11.69,7.4572,-1.3896,-4.105,4.0352,8.5083,8.0013,4.433,2.3422,1.3614,-0.73792,-0.58503,0.1267,-0.97161,-2.9501,-5.0754,-6.1335,-3.6537,-0.89876,-2.6208,-4.1602,-5.6779,-6.2138
-5.451,-5.4093,-5.3548,-5.3548,-5.9362,-7.6097,-0.68379,2.1995,1.138,0.42271,-1.0884,2.1304,4.4664,5.1181,4.9556,4.4478,8.1081,11.453,11.961,9.954,6.8345,3.1035,-4.1943,-8.3154,-7.7922,-7.363,-7.1238,-7.2438,-6.3773,-6.2471,-6.8502,-6.4777,-7.8095,-4.8116,-1.0054,-4.1312,-4.0813,-3.5073,-5.0499,-4.7981,-6.1705,-8.9173,-7.8642,-6.4626,-10.389,-12.771,-10.75,-6.8725,-0.95555,4.9993,6.1953,-0.44772,-7.4666,-4.0867,2.7248,6.5839,6.8695,8.3724,8.4267,4.5106,-1.2197,-10.014,-14.53,-11.689,-8.8357,-8.4856,-7.1728,-2.819,-1.2618,-6.6437,-10.87,-3.8676,13.533,20.613,9.2999,-0.55116,0.067443,3.74,3.7455,2.949,5.6339,8.0061,9.4529,11.579,4.1094,-1.491,4.56,10.825,13.784,14.001,13.096,10.464,7.4133,6.1477,3.1634,2.2214,-1.7355,-5.1262,-5.9536,-6.3143,1.6925,1.5225,1.301,1.301,1.1478,0.96497,-4.3582,-5.6543,-3.0897,3.012,6.7023,0.81755,-1.6439,2.1577,5.3374,5.2848,3.9735,0.90203,-2.7911,-5.5108,-5.6623,-1.5091,6.5726,11.85,13.984,8.6621,1.9503,0.16557,-0.55133,1.1614,4.912,5.666,3.4429,0.8149,-1.1374,-1.8242,-2.8334,-4.1217,-2.384,-2.1089,-3.565,-3.6957,-1.633,-0.68383,0.35528,2.1583,1.5996,2.9337,2.1244,-2.2145,0.59186,1.4316,-2.0303,-2.0007,-3.1071,-3.2169,-0.48317,2.0377,6.6953,5.9731,-4.5277,-10.48,-3.9567,4.7927,8.1989,6.7521,1.138,-5.8569,-9.2101,-11.189,-12,-7.6669,-1.536,0.99034,2.4061,6.6751,7.9824,4.6438,1.3551,-2.8324,-6.8916,-1.1576,6.7587,6.462,-2.3002,-8.1428,-4.051,2.3947,0.395,-1.192,-2.5547,-0.28291,3.3008,4.1324,7.0228,7.4917,9.485,11.237,11.056,11.293
-7.1894,-7.1477,-7.0932,-7.0932,-7.6746,1.3372,4.3722,-0.3501,3.4476,4.3356,2.3701,0.48707,-1.1946,-2.6177,-3.8041,-3.4539,0.25652,3.5458,1.7424,-0.55786,-3.3904,-3.962,-0.54516,1.0331,-0.38255,-1.0963,-1.124,-1.3052,-1.0287,-0.1004,-0.28906,-2.4246,-3.1177,-0.88682,-0.29819,-3.2278,-3.0938,-2.4523,-3.7158,-2.7936,-4.2131,-1.3975,3.5483,0.54081,-2.5435,4.6777,5.99,2.1297,0.9607,2.9284,6.6518,7.7516,4.7068,-0.020406,-5.2939,-9.1256,-5.9554,-3.8444,-8.9599,-10.013,-5.1306,4.0986,1.4619,-0.049084,-5.4605,0.69969,8.606,10.791,5.8844,-3.2859,-8.3826,-5.1267,4.8353,8.2102,3.7985,6.4963,8.8107,6.4701,3.2223,2.6014,2.6949,5.0969,6.9349,1.4909,-3.8222,-4.5008,-5.2258,-5.2338,-3.4203,-0.45212,2.2972,3.6396,2.9122,1.3007,0.5821,0.97638,1.9934,1.4364,-0.32549,-0.66877,1.1336,0.9637,0.74221,0.74221,0.589,-3.0175,0.096557,1.0173,4.4139,3.4357,1.7668,2.4611,3.8007,0.15267,-4.0544,-1.4364,2.1252,0.67001,-0.697,1.0642,2.8854,1.1577,-1.8281,-1.752,1.0636,2.3302,1.1344,0.12531,0.41335,-1.7557,-3.4638,-0.80513,1.7436,2.0627,1.3378,0.2629,1.0412,1.759,2.3966,5.1668,6.7143,5.878,3.7779,2.4656,1.3191,6.4448,9.2798,7.415,5.416,2.4988,-2.1983,-4.3546,-3.1429,-2.8606,-2.4775,-1.9015,-2.0273,0.042126,-7.884,-13.99,-5.6021,1.8902,0.34468,0.11938,1.1407,1.2922,-2.7577,-5.3428,-3.8978,-5.1077,-5.8133,-5.0647,-2.093,-0.65638,-2.1652,-3.0222,4.1352,5.7916,0.59069,-3.6233,-0.42356,6.2675,4.1322,2.7325,5.0235,4.2757,1.9299,0.18497,-1.0875,-2.7403,-1.8588,-0.33162,-0.71752,0.33934,0.19771,0.80365,1.4307,1.8843,2.7469,2.211
15.955,15.997,16.051,16.051,15.47,13.42,13.919,15.637,7.4105,5.1725,4.3389,0.64784,2.1693,7.2291,6.1393,-3.6582,-14.149,-14.283,-10.17,-5.8642,-3.9745,-2.1622,-1.0049,-1.8713,-2.4273,-1.6994,-1.0002,-0.67345,-0.35704,1.0995,1.5008,-2.7399,-2.942,-1.2288,-3.5646,-5.455,-7.4886,-8.6712,-4.9869,0.31694,1.8065,1.3943,-0.62893,4.8416,9.0013,9.6584,8.7152,2.7992,-4.5253,-8.0983,-4.1998,7.3855,15.786,10.617,-3.707,-13.09,-12.391,-7.0463,-4.1775,-3.4408,-6.6402,-6.2543,-0.92382,-0.78354,-3.125,1.9375,4.6118,-3.1109,-9.3892,-7.2037,3.8785,7.8723,4.2332,3.828,7.7518,8.5656,7.2061,5.0612,5.5467,2.6666,-1.9274,-1.4931,3.2911,7.0328,8.7907,5.1653,-2.3756,-3.0135,-0.90548,0.75408,-0.40682,-2.19,-2.0814,-1.3388,-0.92364,-0.86336,-1.1654,-0.90824,-1.0193,-1.1585,4.0489,3.879,3.6575,3.6575,3.5043,3.5273,5.766,7.1902,2.6793,-2.5966,-5.6005,-6.1627,-2.7628,3.9179,2.3165,-0.7544,1.971,4.4435,6.6147,5.8949,5.7011,5.4875,4.9555,7.7674,6.869,1.1097,-4.1675,-7.0563,-8.0309,-10.239,-11.179,-3.9288,5.135,8.3696,7.5023,7.8737,9.5681,12.054,9.776,5.3626,6.1668,4.8493,2.702,-1.3551,-7.3938,-5.5777,-5.5584,-4.6282,-1.1231,-1.3265,-1.421,-0.080317,-0.8234,-2.7825,-1.7049,-1.4058,-3.5299,-4.6491,-7.443,-12.775,-7.1033,1.5043,4.8865,5.1105,4.4317,2.6486,1.6646,2.6949,2.2794,0.039804,-3.5879,-3.1672,-3.5542,-7.1495,-10.926,-7.4135,2.5706,5.683,6.9447,4.3368,-1.9462,-1.9677,2.7735,6.2361,3.2208,1.1507,0.81461,-1.4189,-2.9652,-4.0447,-3.6257,-0.71275,0.88701,-0.070286,0.00052857,0.44787,1.0745,0.77639,-0.85042,-1.3196
11.624,11.666,11.72,11.72,11.139,9.0885,10.818,13.106,9.188,6.5208,2.9614,1.3637,2.5803,3.9207,4.7263,1.671,-8.2404,-20.654,-20.811,-10.559,-1.0159,1.9325,-0.12881,-1.2471,-0.018975,0.16666,1.9838,3.8699,3.5104,1.7127,-0.19691,0.21388,3.1,3.5739,2.0894,4.3298,7.1007,7.3904,7.2114,5.1852,5.407,8.119,6.9584,4.7197,4.5097,4.2649,2.0282,-1.2343,-5.2493,-7.0501,-7.4814,-6.7242,-2.1358,-0.0037376,-1.4458,-0.98372,-4.3092,-6.2563,-3.7139,-0.80495,-5.5375,-4.4714,1.9111,2.5171,-0.89008,-3.0126,-3.5079,-4.9412,-6.5057,-9.3771,-2.6263,11.366,16.905,12.762,7.5611,6.788,5.165,2.8933,2.8364,0.27695,0.51924,2.4712,3.1032,-0.92001,-9.5652,-10.012,-7.5181,-4.7223,-1.8684,-0.31558,0.19308,0.92465,2.0701,1.4008,-1.2689,-3.6523,-3.847,-2.7717,-3.2449,-3.457,0.065019,-0.10494,-0.32642,-0.32642,-0.47963,-0.45658,3.5786,6.9639,6.4052,0.9824,-4.5117,-4.5128,1.1331,9.2118,11.801,6.1172,3.1281,7.0508,11.389,8.2025,-3.6148,-10.743,-7.9652,-0.94172,2.036,-0.56803,-5.1787,-9.0221,-8.151,-3.6489,-0.61062,1.0587,3.1484,4.8667,7.2413,6.4675,4.8045,6.4157,4.4688,1.4995,2.1145,1.932,1.0477,1.9859,2.1118,0.11747,2.3368,4.2849,3.2127,4.0279,3.6266,0.12779,-1.3746,-2.0988,-2.6201,-2.6972,-4.2585,-10.559,-20.969,-22.646,-9.0096,3.8562,4.5185,2.8333,1.8142,2.2261,0.60529,2.8377,4.0959,1.218,-3.1263,-7.4109,-3.5866,-2.7336,-6.189,-3.2095,3.1042,4.414,1.5892,0.76944,-0.84223,0.12215,3.3288,5.7157,6.5678,5.1153,3.0978,0.88156,-0.04585,-0.33869,-0.95015,-2.1317,-3.9985,-3.5687,-1.317,0.95729,3.347,3.2941,1.5075,0.99437
-7.1168,-7.075,-7.0206,-7.0206,-7.602,-9.3416,-6.7497,-4.7023,-2.2952,0.33234,0.081502,3.4002,4.7346,1.325,2.5782,7.9159,10.842,11.383,13.152,8.2922,0.42772,-3.2617,-3.1269,-5.1417,-7.1991,-7.2643,-6.4383,-5.4229,-4.1773,-3.7798,-5.4598,-5.9356,-4.6624,-1.6942,-1.2259,-4.6677,-4.7233,-4.1847,-5.72,-5.9112,-8.1672,-9.2107,-8.1606,-10.056,-12.352,-8.8596,-7.0941,-4.2642,0.46468,3.0247,4.8085,2.5034,2.0535,2.2404,3.8301,6.1611,3.9836,5.614,9.1026,5.9695,0.42243,-4.8167,-6.8144,-3.5216,0.74184,1.0686,1.3626,4.1295,5.7806,1.8573,-0.74429,1.8562,7.191,3.4531,0.48954,3.0624,1.7909,4.4996,5.6988,3.8212,0.87938,0.15222,1.1902,2.4231,6.2734,8.041,3.368,-1.6069,-3.9692,-4.7251,-4.1672,-2.7695,0.072371,2.424,2.8286,2.073,1.0862,0.56832,-0.55441,-0.9245,0.95707,0.78712,0.56563,0.56563,0.41242,0.24331,-6.8129,-9.9361,-10.556,-5.3841,1.2781,-0.50637,-4.0457,-5.8663,-2.4412,2.9635,6.3706,4.9597,-0.17971,-3.5708,0.16179,7.6683,9.9652,5.2655,-0.5113,-1.6779,-0.56391,-0.70977,1.6183,8.413,11.564,7.3509,1.8641,-2.0267,-5.4667,-6.7109,-6.6803,-6.8948,-3.8153,-1.8111,-2.6759,-1.0176,1.488,2.6746,3.0935,3.5971,6.6581,6.4922,2.0049,3.0998,2.2739,1.2754,1.9357,0.75807,2.3712,4.9609,6.9141,3.0858,1.2549,3.4372,-1.6733,-4.8591,-2.5156,1.2832,3.8079,3.6078,-0.97451,-2.8797,-2.9147,-4.4821,-5.4454,-4.3968,-2.789,1.6511,5.4055,-0.80172,-4.0299,-2.939,6.2834,10.309,3.6221,-0.21305,-0.35737,0.84719,-0.079172,-0.91389,-1.5519,-2.0483,-1.9449,-1.6893,-2.1875,-3.7233,-3.5876,-2.3944,-3.8386,-4.2985,-3.6718,-1.7399,-0.094166,-0.57665
-9.0741,-9.0324,-8.9779,-8.9779,-9.5593,-11.434,-16.962,-19.165,-7.8923,-1.8065,-0.89559,-0.12811,-0.14133,-2.8705,-4.1288,-2.0148,3.5745,8.7203,11.31,10.92,5.6497,1.9408,0.99939,0.82403,1.4218,1.8658,1.1627,0.34021,-0.064016,-0.54962,-1.1022,-0.68288,-1.3136,-0.0039958,0.58893,-3.3317,-3.5116,-3.1897,-4.6738,-4.8881,-7.22,-8.4548,-7.2161,-8.539,-11.188,-8.2843,-5.8131,-2.432,3.7371,6.7143,4.4198,1.013,2.6107,5.1888,-2.4295,-6.1802,1.9904,10.555,9.7024,5.2479,0.72675,-3.9413,-4.3273,-6.5107,-10.597,-9.7729,-2.7637,3.5026,2.3856,0.088617,-3.9793,-5.8117,-1.9165,-2.6458,-4.5948,-1.4801,3.3663,5.3547,3.3457,4.5967,2.4362,-1.8957,-0.23147,0.20738,2.7971,6.3502,7.1792,5.7821,4.1984,1.4112,0.31408,0.33701,-0.022275,0.021827,0.066192,0.50513,1.5835,2.5271,2.2128,2.0204,2.526,2.356,2.1345,2.1345,1.9813,1.9238,-2.0789,-5.4415,-6.5066,-0.46722,4.6381,5.9132,4.5783,2.2659,0.75144,-0.97905,-1.8928,-1.8799,-3.7203,-6.1646,-4.394,-2.2158,-1.7297,-1.4631,-2.6588,-3.9218,-2.8698,0.061009,2.3611,2.5845,0.53134,-3.5165,-7.8632,-9.1906,-6.3645,-4.2943,-4.3493,-5.1056,-3.0564,-1.6857,-2.5599,-1.2599,1.0963,2.3905,2.676,3.1444,6.9601,6.8826,0.97055,-2.4528,0.20485,1.3243,0.034739,1.4288,4.4,5.4543,-1.1081,-6.9211,-3.9559,-6.7272,-8.235,-10.779,-7.4715,-1.3603,3.493,2.5593,1.3357,0.15927,-1.5902,1.4568,3.0834,1.6302,3.6153,4.9341,7.9793,8.501,-0.68825,-3.4661,1.103,5.9939,4.1873,-0.48116,0.47462,1.1554,-0.3128,-0.57063,1.1431,1.5231,0.48925,1.6111,2.6919,2.2601,1.9356,1.7051,0.89412,-0.84006,-2.9712,-5.6127,-8.0171,-8.7516
-9.6149,-9.5731,-9.5187,-9.5187,-10.1,-11.929,-15.646,-6.7111,-6.1154,-9.4991,-2.5811,2.8856,2.8121,2.9832,0.15177,-3.6645,0.75084,11.135,15.138,7.5419,1.6908,3.788,8.2713,9.6179,9.1484,8.5984,7.8312,7.1349,3.5616,2.005,5.3179,7.4813,4.1548,3.218,4.4775,3.8495,3.4292,-0.91145,-2.2489,-2.9134,-5.6343,-8.6203,-8.0762,-5.3532,-7.1927,-10.852,-9.1209,-3.8471,0.98389,4.3831,1.2546,0.97324,-6.8595,-12.553,-3.5233,4.083,8.4588,12.075,9.7095,-0.47305,-8.258,-10.568,-5.6206,-2.0876,-0.31178,-2.2321,-2.9402,0.9523,1.2955,-1.0051,-2.9834,-5.6871,-3.6912,3.1328,0.95998,-3.9493,-6.4064,-7.0987,-9.5835,-11.216,-6.6958,-1.0028,1.7584,1.5407,0.063505,1.1224,3.916,6.2003,7.2904,6.0381,3.0494,-0.82996,-2.2403,-1.8194,-2.2416,-2.4567,-1.9172,-0.232,0.3374,-0.0039074,1.4891,1.3192,1.0977,1.0977,0.94449,0.82065,-8.9476,-15.739,-16.764,-14.946,-8.8959,-0.62919,5.3001,2.6251,-4.5942,-8.056,-3.2009,0.95891,-2.3501,-3.4431,-0.93084,-1.338,-1.861,-1.4116,-2.2953,-2.9438,-1.6936,0.48942,-0.98496,-6.8943,-13.347,-17.643,-18.038,-13.522,-7.9319,-7.5374,-8.4604,-9.0892,-5.3849,-3.4492,-4.0411,-4.3664,-2.3147,-0.41287,1.4207,2.9227,1.3445,1.4133,0.30731,-3.3216,4.1671,8.1065,3.9658,2.266,4.4242,5.0492,3.2389,4.5639,12.805,8.8716,-4.8833,-11.313,-4.3216,0.70012,8.0826,12.71,8.2617,1.6224,4.4282,7.35,6.4153,4.957,4.3852,9.2774,12.836,18.713,18.626,5.2796,-7.8409,-10.821,-7.6873,-4.8556,-4.0869,-2.1434,-2.4022,-5.7844,-5.1831,-3.4414,-5.0547,-5.8118,-5.5896,-4.2471,-0.62462,2.9044,3.0301,2.5988,1.4813,-0.060995,-1.5943,-2.1345
9.5158,9.5575,9.612,9.612,9.0306,6.9803,-0.82136,-5.5437,-20.362,-30.421,-32.763,-8.9504,8.1756,7.1227,-0.28928,-1.8009,-4.1831,-7.49,-4.7229,5.1421,10.753,7.8517,2.9381,0.53931,1.8881,3.8613,4.0851,4.2089,4.0675,3.52,4.9686,6.8186,4.6221,1.2756,3.5072,9.7339,11.666,9.2167,7.7175,9.6315,13.514,12.555,9.7071,8.4342,9.5358,8.7377,5.4715,1.0964,-7.3333,-14.659,-17.279,-14.466,-8.7496,-4.0893,-0.50997,-1.3086,-2.8089,-4.4505,-6.4499,-5.5437,-1.3629,7.2192,10.075,7.8306,2.4833,-1.2548,-7.321,-27.867,-29.191,-10.622,5.7568,7.8114,4.3965,2.1226,3.1942,1.6897,-2.5442,-5.6847,-8.4225,-5.0499,-1.4744,-0.18774,0.79646,-1.8879,-1.5602,1.8351,2.6144,3.0746,4.0719,4.3435,4.6801,5.1189,4.6153,4.1929,5.773,7.8324,9.0014,9.8916,9.2832,8.9399,-1.296,-1.466,-1.6875,-1.6875,-1.8407,-1.8176,0.13107,1.0518,-3.1996,-6.1564,-3.8113,-14.834,-14.491,-9.8559,-12.282,-12.773,-10.771,-8.583,-9.1402,-9.5887,-9.574,-8.0464,-1.5955,3.5411,4.2672,2.5727,-0.096131,-2.5132,-3.1482,-2.4444,-1.2193,-0.94269,-0.8487,2.7478,3.2087,3.878,6.691,3.1234,-0.58056,-0.3307,-0.61941,-1.3174,-2.044,-0.78166,-0.89076,-2.8742,0.082962,3.1095,3.8552,4.4329,5.5633,4.5905,3.714,4.735,5.1637,5.8026,2.7743,-3.1607,-7.4691,-3.2334,0.99324,3.1845,1.1338,-3.3446,-4.7853,-2.4432,0.34162,9.0476,12.625,20.806,19.125,11.962,7.6967,1.3308,2.9261,-1.9399,-6.66,-8.1076,-7.3033,-4.4346,-1.7452,-0.23356,-3.3312,-7.6638,-9.3064,-5.9184,-0.26662,0.66281,-0.75984,-0.84268,-0.88259,-2.0999,-2.9659,-3.2639,-2.4306,-2.0691,-4.2574,-6.7018,-8.6569,-9.1927
13.739,13.781,13.836,13.836,13.254,11.204,11.779,13.475,5.4072,-0.15374,-3.6328,-4.7626,-7.4693,-11.19,-10.238,-6.5628,-3.6102,-2.4483,-5.6705,-5.2047,-0.77362,2.4617,3.3716,2.5783,0.55597,-0.8715,-1.0047,-0.070928,0.69544,1.1839,2.1762,0.83103,2.0092,3.3127,0.63976,2.2229,5.158,5.6669,5.7047,3.8804,4.8284,8.1232,6.8196,4.5595,4.1794,3.5172,1.0707,-1.5593,-3.262,-1.2028,2.4463,3.8006,3.1912,0.59211,-3.0499,-5.5478,-6.5817,-7.5227,-4.8109,2.7684,12.415,15.758,16.48,13.26,7.4893,1.6942,-3.5354,-3.9732,-0.61116,2.7448,-6.9077,-11.015,-17.914,-15.741,11.798,3.3339,-2.4879,-3.1828,-1.3647,-5.3536,-7.3205,-4.5717,-3.4061,0.049795,2.1402,0.12481,0.084401,0.39878,-1.7195,-2.2918,-0.024379,3.1238,5.3816,5.578,6.1322,6.9141,7.7742,8.073,7.1822,6.8389,1.3128,1.1428,0.92131,0.92131,0.7681,0.79116,3.4217,5.469,1.4565,-4.4583,-6.3124,-6.51,-7.8814,-7.5642,-8.2361,-8.0108,-6.5641,-4.5439,-0.51644,1.5895,0.53447,-1.7798,-2.9705,-1.4484,0.97849,3.3974,4.3367,3.0771,1.3713,-2.3972,-6.2365,-5.6349,-2.2226,-0.27289,1.0909,1.237,1.3821,4.3804,2.9606,0.19332,1.3931,1.6328,0.8577,1.7666,2.1196,0.66948,3.1996,4.8503,2.8352,6.5323,6.9215,2.461,1.4716,1.3886,-0.75776,-2.7556,-3.9047,-7.2372,-5.5089,1.6752,7.4918,5.7694,-1.0577,-6.614,-4.5291,0.26474,5.6709,5.6025,5.0415,4.7065,7.4499,10.708,5.8777,-3.3882,-12.129,-5.8416,-0.44895,-7.2993,-11.958,-4.7078,-0.10726,-4.1066,-6.2733,-4.4735,0.21064,4.8655,4.8784,2.7287,2.7503,2.7528,1.0964,-1.6177,-4.1442,-4.9433,-2.553,0.022901,-1.7098,-3.2717,-4.8005,-5.3363
8.6933,7.9487,6.9783,6.9783,12.975,15.042,7.3278,10.895,3.3773,-5.3674,-0.68743,2.7124,0.87279,0.23085,-2.0022,-3.2304,-3.0609,-4.3906,-6.0826,-5.6885,-2.7687,-1.7295,-2.8175,-1.397,0.39274,-0.10687,-0.73644,-0.84291,-1.2544,-2.7453,-4.3873,-5.114,-1.3698,1.6969,-0.79158,-1.0361,-0.12196,1.611,3.2939,1.4851,3.4667,4.8589,2.0108,0.15701,2.4987,5.019,2.3301,2.6402,2.8268,-0.23944,-0.46768,-4.3227,-4.6265,1.0736,4.0184,1.5739,-3.2908,-0.92122,4.7993,7.0492,5.826,4.2797,2.4825,2.6502,-0.47037,0.35358,1.7396,-0.82851,0.94847,1.1289,0.76259,3.8727,6.7301,3.5029,1.5401,-5.3522,-10.143,-2.2554,3.6344,1.8164,0.4337,3.643,5.199,6.4141,7.3159,6.518,4.7633,-0.11404,-2.2772,-5.8455,-7.5549,-6.4215,-5.1357,-3.9214,-1.2228,0.9188,0.62036,-0.069673,-1.4956,-2.0533,-11.452,-7.9999,-3.5004,-3.5004,1.3314,7.1018,9.1965,10.37,7.5204,2.5145,-4.9771,-6.8208,-6.4012,-5.6978,-6.9857,-7.8371,-7.9475,-8.6188,-4.9643,0.22245,-0.4535,-3.0901,-3.2126,-1.6329,-1.8749,-2.076,-0.54406,1.4324,4.0689,7.4738,9.8973,9.4847,6.6935,4.1482,2.9163,2.4893,4.9311,5.171,2.8609,2.5901,4.4857,5.0398,4.3132,2.8332,0.36436,1.5813,2.4645,1.1334,1.756,1.2963,-3.0303,0.17713,4.9033,4.4825,3.9658,5.2463,5.2657,-1.9755,-5.9922,4.3498,5.7716,2.7003,0.7962,-1.1319,-1.7737,1.0337,2.7014,1.2992,-1.3093,-0.70686,1.0834,1.9363,1.7248,-0.61641,-7.7286,-22.498,-8.9316,13.915,19.022,8.7552,-3.2845,-2.3446,-0.084713,-1.328,1.7138,2.4275,0.72302,2.1225,2.2854,2.4927,2.1888,1.1739,-0.65519,-2.2099,-2.7769,-2.794,-2.8314,-2.672,-2.9993,-3.0397
-7.6149,-7.5731,-7.5186,-7.5186,-8.1,-9.8892,-6.6637,-1.8965,3.3678,4.3168,2.8915,2.4789,3.4148,3.3587,1.9877,2.3453,5.602,12.164,16.27,12.848,7.7223,5.6506,5.431,4.8388,3.8469,3.1791,3.0061,2.8669,2.7852,4.2522,5.7853,8.451,9.1769,5.003,5.1323,5.9616,1.4785,-0.89975,-1.4455,-4.427,-6.0528,-5.3884,-7.7569,-11.292,-11.267,-7.7381,-9.861,-13.163,-10.171,-1.7809,4.3235,5.6049,0.15664,-7.4733,-2.5085,4.0655,-0.28152,0.059024,6.4556,4.4616,-1.4479,-8.7805,-14.075,-6.8911,-2.1349,-3.1373,-2.0337,2.4777,4.2339,1.8443,-3.2796,-12.027,-11.142,-11.778,-12.865,0.53452,-1.6032,-6.0258,-2.6897,3.1996,2.0954,-3.0766,-3.6309,-2.5679,3.1359,7.7109,5.8972,1.1424,-2.1442,-3.1209,-2.1844,-0.84691,0.018357,-0.15442,-1.0914,-2.1004,-2.2336,-2.1714,-3.6459,-4.3266,4.5905,4.4205,4.199,4.199,4.0458,3.9611,-1.2215,-1.7629,4.7995,8.7089,11.793,12.86,9.3888,5.1822,2.0316,0.3459,2.1946,2.4954,-1.8005,-5.4392,-5.2476,-4.5004,-4.6063,-4.1696,-3.8791,-4.5886,-6.2484,-7.2817,-6.9102,-8.8795,-11.573,-9.0642,-5.2291,-6.6536,-8.644,-10.352,-9.9443,-8.8477,-10.283,-11.107,-7.8734,-3.5038,-2.5771,-3.2985,-2.6304,-0.57883,0.24839,-0.83417,-4.1541,0.093877,4.1297,2.5748,-0.34188,-0.88105,0.38535,-1.2816,-1.0795,1.815,9.33,10.136,0.88232,-9.2877,-8.2379,0.30986,2.5295,3.3053,0.47095,-0.7985,0.37059,-0.53658,-0.24056,-0.010646,2.8082,4.9784,6.0362,7.4746,18.092,17.398,2.4764,-0.048614,3.0567,-1.1754,-2.2798,-0.79844,-0.046912,0.41109,-0.075294,-1.0618,-1.0118,-0.93668,-1.8147,-3.3191,-3.777,-2.7625,-2.5993,-2.5079,-0.93808,0.27251,0.44528,0.91946
5.9027,5.9445,5.9989,5.9989,5.4175,3.3673,-4.4344,-9.1567,-23.975,-34.034,-36.376,-36.916,-36.331,-34.826,-31.481,-25.395,-17.405,-10.268,-3.926,4.8245,9.2725,10.32,11.137,11.721,12.401,13.441,15.352,17.886,18.878,17.105,11.104,1.8032,2.5931,6.8383,3.9901,1.3113,0.90744,3.4192,3.9933,1.0118,5.6549,18.985,30.393,33.138,34.353,50.816,62.736,59.786,36.018,11.916,17.897,21.181,13.898,-5.1289,-20.822,-20.498,-11.525,-3.8457,6.1072,12.237,10.629,5.4326,3.3042,7.3179,41.889,45.475,27.658,17.327,9.5557,12.826,5.5485,-8.1124,-8.3698,-18.262,-58.693,-71.541,-52.999,-58.417,-60.968,-59.466,-52.814,-46.315,-41.846,-37.829,-31.26,-21.43,-15.228,-12.356,-10.046,-9.3275,-8.6564,-14.368,-18.224,-14.179,-8.8137,-8.6767,-13.805,-15.101,-13.262,-10.731,-0.78131,-0.95126,-1.1727,-1.1727,-1.326,-1.3029,0.6458,1.5665,-2.6849,-5.6417,-3.2966,4.1904,11.761,17.189,21.229,25.502,11.243,3.049,7.8371,11.151,10.337,11.423,11.637,10.86,7.5479,1.6769,-5.3907,-10.936,-21.146,-25.008,-19.234,-8.5441,0.73598,4.0856,-1.8353,-9.3453,-13.534,-19.952,-25.133,-25.957,-41.09,-48.499,-43.188,-37.068,-27.92,-54.84,-68.086,-39.654,-3.1941,5.2289,0.46626,-2.2398,-2.316,-3.5994,-3.8705,-3.707,-4.2445,-2.665,4.322,12.043,13.134,6.614,0.67646,-7.9492,-44.723,-40.887,-9.529,0.48308,-0.70344,2.6268,8.9265,11.269,12.832,12.86,-6.8054,-18.945,-9.5229,-5.9136,-4.59,-0.052061,6.5185,8.5818,9.4541,13.451,16.67,17.093,13.319,9.9607,9.9139,11.545,13.192,14.311,12.271,3.2417,-7.2803,-8.7165,2.6586,17.142,12.077,0.16289
-11.875,-11.833,-11.779,-11.779,-5.1356,5.6372,-2.1645,-6.8868,2.1197,3.1327,2.8774,3.263,0.98881,-1.0107,-1.1143,-1.5414,-2.1103,0.77298,0.88816,0.17556,0.2103,-0.23605,-0.28205,-0.20336,-1.3188,-2.0158,-1.8929,-1.7895,-2.1762,-2.5179,-2.958,-4.012,-4.9143,-7.182,-4.8356,-0.8195,-1.54,-1.2024,-4.1904,-1.8435,1.6809,-1.3051,-4.1532,0.65041,4.038,0.28591,1.158,1.6137,1.5762,3.699,4.0855,0.34005,-3.0402,-0.047592,6.0048,5.1354,1.1705,-1.3333,0.58237,3.0686,0.53642,-3.9308,-0.39734,0.33879,5.249,9.512,7.5678,6.752,8.2789,8.3054,2.9104,-0.94551,3.3902,6.2007,4.521,6.4104,3.1553,-2.3623,-2.8083,-0.75892,-0.2083,-0.63653,-3.8743,-6.5186,0.10526,6.0821,4.9056,3.8429,3.8472,1.7597,0.046582,-0.76014,-2.1244,-2.5875,-2.1469,-1.2591,-0.33316,-0.61073,-2.5178,-3.2284,-2.3167,-2.4867,-2.7081,-2.7081,-3.9943,-3.8087,-1.86,-0.93928,1.1196,-0.71885,-0.14019,1.9797,1.9017,1.0989,-3.9375,-8.5184,-9.4345,-7.1481,-4.4344,-4.0571,-3.5863,-2.4589,-2.12,-2.0742,-0.007335,0.59872,-1.8201,-4.1511,-3.8542,-2.418,-1.7249,1.0737,0.24709,-6.7872,-7.4113,-3.5289,-2.1215,1.1146,-0.12604,1.9206,4.5321,4.2067,3.4801,4.1732,3.6706,3.0973,4.6329,5.148,2.4291,7.3243,9.2607,4.6781,4.4932,5.9832,4.6598,3.2316,2.5315,3.1049,2.5171,1.0325,1.3161,-0.40811,0.0090955,-1.9305,0.49208,0.57021,-0.92698,-1.0898,1.5252,2.2806,1.9776,0.91802,0.59527,3.7009,3.6604,3.2507,10.175,12.952,4.3608,-2.108,-1.5464,-2.1853,-8.2409,-11.693,-10.151,-5.9243,-1.0522,-0.3075,-1.5429,-0.58966,0.88398,1.1424,1.7972,2.1663,0.83326,-1.4769,-3.2819,-3.8163,-3.3635,-3.126
8.3345,8.3763,8.4307,8.4307,7.8493,12.493,12.256,9.9927,8.7316,7.8205,4.0535,1.9502,3.507,4.2338,0.94254,-3.0527,-6.0566,-7.2943,-6.2399,-2.2096,0.56294,-0.23212,-1.1139,-0.55148,1.528,2.9854,2.553,2.3219,0.83228,0.95767,5.1098,6.8317,-0.069147,0.82153,9.2262,8.7358,6.5871,4.0435,7.4485,10.172,6.6954,3.7739,4.3733,6.0017,4.2046,1.7377,-3.6502,-8.4216,-7.7284,-7.1585,-8.217,-14.065,-13.573,-4.3087,-2.2366,-4.2769,-3.1524,-5.6498,-7.5009,-4.9053,-2.3042,-0.54355,7.1072,10.846,3.8338,-1.9217,-4.3632,-9.7356,-14.826,-13.173,-13.937,-16.475,-17.841,-10.448,8.7374,0.0066701,-1.447,5.3041,6.8726,2.6778,-0.54859,1.6204,4.3419,4.582,5.2588,4.2607,-0.97129,-1.7808,-1.4491,-0.741,-0.7509,-0.83693,-0.3277,0.23065,2.6328,5.3982,6.2578,6.5568,5.6664,5.3231,-2.0013,-2.1713,-2.3928,-2.3928,-2.546,-0.88428,6.1333,10.192,4.7016,-3.8237,-8.6968,-5.3068,-3.4916,-4.9684,-7.8387,-7.4637,-5.4976,-4.9579,-0.82941,0.083666,-2.9723,-0.64093,1.6631,0.50401,-0.94135,-0.69011,-0.26967,-0.68845,-3.5461,-8.841,-15.476,-18.533,-11.412,-1.9539,4.2589,6.2797,4.3667,1.9828,4.3743,5.4984,4.4997,3.2051,2.4571,0.55761,-0.85393,0.90946,2.085,0.21162,1.9381,2.4372,-4.0689,-2.9911,2.9194,6.0519,4.0236,0.79422,0.32185,-2.936,-6.1734,-1.9498,2.1322,5.2862,7.358,4.0824,3.9459,6.498,12.303,12.693,7.5921,10.955,15.771,14.93,11.964,4.6164,-6.0091,-3.8755,-8.2945,2.2792,5.5931,-5.4108,-7.3024,-5.7799,-5.1263,-4.6487,-5.4239,-3.5514,-1.4478,-3.5651,-4.4711,-5.2022,-5.5932,-3.982,-2.8701,-3.8211,-2.366,-1.0082,-2.8821,-4.7239,-6.391,-6.9269
-1.9891,-1.9474,-1.8929,-1.8929,-2.4743,-4.5245,5.7891,9.3555,9.834,9.8006,7.0786,7.1082,6.4445,3.0936,1.2122,1.0795,3.5468,5.1237,0.057114,-3.7796,-4.1541,-2.8824,-2.6988,-2.5654,-2.6893,-2.4023,-2.1469,-2.8072,-3.6195,-0.76774,2.1042,1.0721,-0.3659,-3.1605,-2.4232,-1.3972,-1.9134,-1.6339,-4.6219,-2.1415,1.5692,-1.4168,-4.265,1.3516,5.473,1.7209,5.8765,8.0597,6.385,6.0285,2.8654,-1.6209,-0.32696,5.0425,7.8113,2.3784,-5.8428,-5.842,0.2296,4.6541,5.1402,1.1393,3.2047,4.0745,4.4936,2.9089,-0.7195,-0.025091,2.1047,0.85237,-1.0086,-8.0812,-14.615,-9.3887,4.4609,4.9301,3.688,2.9328,0.3761,1.1851,1.9413,2.1979,1.9599,0.78459,2.9213,3.6149,-0.26416,-3.7694,-6.4132,-6.9895,-5.9684,-3.5198,-1.2276,-0.51715,-0.59284,-3.1095,-6.09,-7.597,-9.4459,-10.118,-1.9718,-2.1418,-2.3633,-2.3633,-2.5165,-2.4934,-2.0267,-0.9441,1.5507,2.4219,1.3831,-1.5984,-3.7498,-5.6687,-7.2531,-7.8231,-8.0076,-4.4681,0.34701,-0.15135,-2.2044,-2.8073,-2.6059,-3.0302,-4.1986,-5.0396,-5.1708,-3.8596,-1.6179,2.0275,6.0459,7.4494,6.8293,4.8115,2.4319,0.14622,0.10901,1.6469,0.40627,2.3795,4.9229,4.5975,3.8709,4.1003,2.9398,2.3665,1.9802,1.7089,0.93524,0.44149,0.86867,1.3489,1.4194,-0.23659,-2.4119,3.0375,7.7842,9.6713,12.888,9.9044,5.0644,0.56208,-0.3168,-1.3372,1.7923,4.5125,2.8371,2.3573,2.1793,-0.38056,1.0636,3.8513,2.3332,3.7362,4.022,1.8205,0.39796,-0.55454,0.67211,2.2893,2.0344,0.50306,-1.0267,-1.9125,-3.4176,-2.2819,-1.1221,-2.5443,-2.147,-1.8928,-2.6237,-3.7803,-5.2816,-6.296,-7.1724,-5.2884,-0.81644,1.9357,3.8332,4.8548
8.7428,8.7846,8.8391,8.8391,8.2577,6.2074,-1.5943,-6.3166,-21.134,-31.194,-33.536,-34.076,-9.4351,1.3498,-3.7346,-9.3977,-8.2865,-1.7701,0.095199,-3.557,-2.0334,1.0151,1.0341,1.3732,0.75802,-0.1715,-0.19844,0.71917,1.132,1.0367,1.8385,0.88033,2.2844,3.7157,1.7816,3.7562,7.0417,7.382,6.329,4.421,6.8337,9.9624,7.2059,5.0055,6.3207,6.8232,5.8882,4.8882,1.223,-1.8882,-2.5709,-1.0493,1.0595,14.625,19.32,6.8948,-10.022,-9.0999,2.6452,9.964,8.4588,8.434,8.4465,6.391,13.436,15.389,9.2051,-0.13961,1.5074,2.5952,-4.6041,-7.7427,-1.4065,-1.6842,-0.14349,-1.2357,-8.027,-10.195,-10.43,-10.368,-6.0866,-1.2928,-0.7622,-3.6955,-1.706,7.6883,12.352,8.3668,3.2115,3.2735,3.294,4.2365,4.9289,5.3706,6.4019,7.4447,8.8845,10.309,9.9631,9.6198,0.14622,-0.023735,-0.24522,-0.24522,-0.39843,-0.37538,1.5733,2.494,-1.7573,-4.7142,-2.3691,5.1179,-0.97706,-7.0083,-10.779,-16.159,-17.824,-12.435,-7.224,-4.6177,-0.60274,2.4993,3.8205,3.5831,2.7738,3.8479,6.1187,7.1779,6.2889,1.4254,-4.1082,-4.2581,-0.17763,3.2964,5.5032,4.948,4.0471,5.9089,3.5322,0.68829,1.5944,0.9983,0.25843,1.0746,0.23283,-2.7156,-0.65013,0.65104,0.75565,0.4273,4.2566,6.1078,3.8878,4.1293,3.9994,2.3968,-3.9173,-5.5108,2.2975,9.8495,10.223,6.5996,0.54032,-6.2219,-12.007,-18.168,-8.5575,3.3669,0.51193,0.86275,6.8797,10.74,4.3359,-4.2348,-3.1016,-4.1969,-0.72807,-1.3613,-4.3752,-3.8789,-2.0811,-1.3461,-2.8837,-2.3138,0.046826,-0.40781,-4.0487,-2.5105,2.9576,2.1328,1.3746,0.019571,-0.024777,0.68677,0.41197,-0.22098,-2.5786,-5.3427,-7.4479,-7.9837
5.4642,5.5059,5.5604,5.5604,4.979,2.9288,8.3195,10.692,4.963,1.7489,4.5906,7.2863,5.0697,3.34,2.7995,3.199,2.2486,-0.87433,-2.948,-1.6204,-1.1505,-1.192,-1.1795,-1.7435,-2.162,-3.0253,-3.2487,-3.4757,-4.2122,-0.7096,3.2925,2.4415,0.9822,-1.8679,-1.2012,-0.19754,-0.52535,0.11115,-2.8768,-0.43779,3.6067,0.62067,-2.2274,-5.2349,-0.44754,1.737,-4.2018,-1.8356,0.74233,-1.2535,-10.2,-9.3339,-1.0649,5.7403,11.189,16.437,13.26,-0.031862,-4.5722,0.35335,4.6784,-1.4682,-4.1366,-6.9608,-13.302,-15.867,-14.023,-7.3801,-1.212,5.6434,15.548,18.87,19.199,23.076,13.7,1.805,-2.4169,-4.2509,-6.6869,-3.0789,-0.17468,-3.3955,-7.6209,-9.4468,-4.5822,1.7231,4.0242,2.0949,1.1492,-0.06489,-1.1874,-1.5574,-1.6058,-1.9714,-1.953,-1.4004,-0.80743,-0.54537,-1.3894,-1.767,-4.9523,-5.1222,-5.3437,-5.3437,-5.4969,-5.4739,-3.4019,-2.6401,-3.7514,-4.369,-5.4773,-4.6756,-3.2311,-2.9364,-3.5662,-4.3714,-3.0331,-2.2303,-2.4871,-2.543,-6.7553,-11.82,-12.248,-6.8403,-0.34857,1.9629,4.498,5.7366,5.1198,5.5038,6.3595,6.7708,6.1792,4.596,2.6492,0.61659,0.69934,2.3669,1.1263,1.8043,3.1107,2.7853,2.0587,0.74644,1.4617,1.5398,0.35055,-0.99705,-1.5222,-2.5102,4.0372,7.4084,6.7058,5.3037,1.6324,0.20059,1.9075,1.609,4.4525,9.1684,7.7855,3.0656,1.3943,2.0254,5.0529,5.6093,-0.19319,1.1827,3.7612,6.6155,7.8499,0.48986,-2.1982,-0.31442,-1.0586,3.2609,-0.70265,-0.81936,0.94833,2.0515,6.9105,4.1353,-2.948,-4.7857,-6.1665,-9.3002,-6.8767,-2.7119,-3.5278,-3.6664,-3.5781,-2.1017,-0.72871,-0.55456,-0.06921,-0.5133,-1.8811,-3.4843,-5.1311,-5.6047
-7.3734,-7.3317,-7.2772,-7.2772,-7.8586,-9.6616,-10.587,-9.243,-1.6247,1.363,3.8343,5.2502,4.1039,2.0908,1.2126,3.0377,5.7875,6.0863,4.2432,5.5261,6.7148,6.2399,5.1395,3.2422,1.6454,0.7471,-0.72392,-1.6084,-1.0942,-1.8037,-4.83,-0.61577,5.3326,2.7309,1.1135,-0.3214,-2.9037,-5.2699,-6.2118,-7.7578,-7.7769,-5.4621,-6.6568,-7.26,-5.0349,-5.4652,-1.3382,4.0151,6.1548,7.1537,1.6846,-2.6152,-8.4917,-9.8345,0.75127,12.003,16.537,19.891,8.8623,-3.5886,-5.9916,-8.1256,-13.673,-17.016,-14.365,-9.9627,-7.548,-8.205,-9.5719,-0.25823,10.46,12.991,7.9001,5.1577,2.0916,0.3894,-2.6646,-2.1972,-1.0237,-3.0819,-1.6624,1.9978,3.1675,0.40513,-2.0432,-0.72443,2.3995,3.6617,3.4384,1.9298,1.1925,1.6834,1.4834,0.52572,0.15912,0.5309,1.4269,0.83785,-0.96963,-1.3332,-0.92115,-1.0911,-1.3126,-1.3126,-1.4658,-1.5045,-5.7354,-8.2251,-4.1647,-0.14093,0.24559,2.5382,4.7839,3.0639,1.0923,0.99649,0.1602,-3.407,-6.5535,-8.1108,-9.1763,-10.116,-9.7292,-7.8389,-6.9328,-7.109,-3.1553,1.0358,-1.4688,-0.79566,4.89,5.2829,-0.22908,-4.2927,-5.7568,-4.2605,-2.4764,-1.862,0.84691,2.3504,5.4823,6.1697,3.366,2.5487,1.9612,6.8108,6.0003,-2.6241,-7.4075,-8.4314,0.18979,2.8075,-0.41914,0.964,2.1124,-2.3769,-1.724,4.0067,7.5574,3.0859,0.36055,-0.27364,1.4722,5.6798,9.9318,7.7932,7.1846,6.0813,2.0488,7.0078,11.002,5.9474,3.9016,3.4925,6.3083,10.764,4.2313,1.7223,-2.6566,-8.7658,-7.523,-3.7549,-4.8308,-4.8324,-4.9029,-7.5479,-5.6456,-2.2592,-3.3285,-3.5938,-1.9779,-0.85979,-1.5708,-1.054,-1.5843,-1.0429,-0.35888,-0.13155,0.47745,-0.0087585
-6.5764,-6.5346,-6.4802,-6.4802,-0.72691,6.1397,-1.662,-6.3843,-6.2613,-8.7996,-11.764,-7.0276,-3.3464,-5.7271,-7.6064,-6.8323,-3.8859,-1.4469,0.9454,4.6404,6.5107,6.9929,7.0818,6.7598,5.2589,3.4401,3.0777,3.0712,2.6473,0.98173,0.94054,2.5615,4.4195,4.5885,1.3638,0.72329,-0.21987,0.26274,4.8322,1.8507,-1.6865,1.0261,4.7737,1.7662,-1.318,8.8629,10.327,3.2207,-3.7012,-5.9172,-3.0183,2.0805,3.7275,7.7929,7.4494,0.375,-3.7588,3.8403,13.751,17.226,15.435,10.348,1.0337,3.0417,-0.51311,-7.244,-9.9608,-8.8889,-5.7663,2.6836,4.4612,4.9228,17.303,18.762,-1.4147,-10.504,-14.9,-9.2078,-11.715,-19.055,-17.606,-12.376,-7.787,-7.7644,-7.9214,-1.6664,7.138,9.802,8.3593,8.6363,7.4715,6.8222,6.0364,5.5487,6.9793,8.4164,9.6822,10.782,10.287,9.9437,-5.4907,-5.6606,-5.8821,-5.8821,-6.1389,-4.6589,-2.7102,-1.7895,-3.1234,-6.0163,-5.2474,-4.6964,-4.0909,-4.8598,-6.7382,-5.7876,-4.5457,-5.2872,-6.7593,-7.7818,-8.542,-7.4882,-5.3883,-5.6976,-4.1171,1.3381,5.6515,7.853,11.789,12.892,8.99,3.6891,1.3697,0.99997,-0.6481,0.39522,1.5825,0.97867,2.0663,1.2418,1.1599,1.8755,1.1103,-0.20197,-1.3485,-4.5791,-6.9397,-4.1495,0.99593,1.4744,1.2223,0.40225,-1.7083,3.7335,9.2993,6.5998,2.6769,5.3605,7.1576,2.6824,3.0032,-3.8621,-9.7497,-8.2972,-4.9316,-3.4648,2.0798,2.0129,-2.9848,0.86322,6.3094,3.3936,1.4164,5.5527,7.381,5.8499,-17.743,-7.5179,11.311,0.95093,-4.3973,-2.4849,-1.4102,-3.4659,-3.3814,-3.1032,-5.8105,-3.0534,2.3645,1.1434,0.44707,-0.41481,0.21932,1.491,0.817,-0.24122,-2.5191,-5.1511,-7.204,-7.7398
